650.000 5.37712e-06
650.060 4.27122e-06
650.120 4.55425e-06
650.180 3.83055e-06
650.240 3.17086e-06
650.300 4.37894e-06
650.360 1.96011e-06
650.420 2.14553e-06
650.480 5.76407e-06
650.540 3.91497e-06
650.600 3.71202e-06
650.660 4.68625e-06
650.720 4.48198e-06
650.780 5.76635e-06
650.840 4.11913e-06
650.900 4.04357e-06
650.960 2.72025e-06
651.020 3.68512e-06
651.080 3.32597e-06
651.140 2.84062e-06
651.200 5.14676e-06
651.260 4.77204e-06
651.320 3.61540e-06
651.380 3.76799e-06
651.440 7.08285e-06
651.500 6.51233e-06
651.560 3.96645e-06
651.620 3.61869e-06
651.680 5.42670e-06
651.740 4.88876e-06
651.800 6.66495e-06
651.860 4.79859e-06
651.920 4.12423e-06
651.980 4.43141e-06
652.040 1.57461e-06
652.100 4.74148e-06
652.160 2.97217e-06
652.220 3.44136e-06
652.280 4.90886e-06
652.340 2.85783e-06
652.400 2.54100e-06
652.460 4.06811e-06
652.520 2.54103e-06
652.580 4.62006e-06
652.640 5.13065e-06
652.700 4.74566e-06
652.760 7.54176e-06
652.820 3.97220e-06
652.880 5.29086e-06
652.940 6.34859e-06
653.000 6.56590e-06
653.060 5.85853e-06
653.120 4.65064e-06
653.180 4.26471e-06
653.240 3.50166e-06
653.300 4.49403e-06
653.360 2.63293e-06
653.420 3.15192e-06
653.480 4.45031e-06
653.540 4.38099e-06
653.600 3.90342e-06
653.660 3.12973e-06
653.720 5.24913e-06
653.780 3.73030e-06
653.840 3.85848e-06
653.900 4.38296e-06
653.960 3.95715e-06
654.020 4.15282e-06
654.080 3.64469e-06
654.140 3.67701e-06
654.200 3.60189e-06
654.260 5.70755e-06
654.320 3.04524e-06
654.380 4.87502e-06
654.440 4.14036e-06
654.500 6.04346e-06
654.560 7.98935e-06
654.620 3.18417e-06
654.680 4.85439e-06
654.740 4.94500e-06
654.800 3.99431e-06
654.860 4.45040e-06
654.920 4.72250e-06
654.980 3.69749e-06
655.040 3.95980e-06
655.100 4.93638e-06
655.160 3.95956e-06
655.220 4.01387e-06
655.280 5.84815e-06
655.340 4.68870e-06
655.400 5.57378e-06
655.460 5.00251e-06
655.520 4.15221e-06
655.580 5.08950e-06
655.640 4.64294e-06
655.700 4.70345e-06
655.760 5.32375e-06
655.820 5.03546e-06
655.880 4.57909e-06
655.940 5.62582e-06
656.000 5.72602e-06
656.060 7.77044e-06
656.120 5.00593e-06
656.180 3.02010e-06
656.240 4.54166e-06
656.300 4.26557e-06
656.360 4.57249e-06
656.420 4.60050e-06
656.480 4.26192e-06
656.540 4.85089e-06
656.600 3.67072e-06
656.660 4.53556e-06
656.720 4.80071e-06
656.780 3.10176e-06
656.840 3.72728e-06
656.900 2.64291e-06
656.960 3.95201e-06
657.020 3.84232e-06
657.080 4.22733e-06
657.140 4.68201e-06
657.200 3.91004e-06
657.260 4.51369e-06
657.320 3.07080e-06
657.380 4.22441e-06
657.440 5.33043e-06
657.500 3.17462e-06
657.560 6.22667e-06
657.620 7.32312e-06
657.680 4.62051e-06
657.740 4.23434e-06
657.800 4.58208e-06
657.860 4.82315e-06
657.920 4.29105e-06
657.980 5.33077e-06
658.040 4.72385e-06
658.100 4.40939e-06
658.160 3.34308e-06
658.220 5.06592e-06
658.280 4.71158e-06
658.340 4.30683e-06
658.400 4.48603e-06
658.460 2.70538e-06
658.520 4.58712e-06
658.580 4.79884e-06
658.640 3.07086e-06
658.700 2.37705e-06
658.760 4.56033e-06
658.820 3.38855e-06
658.880 4.03704e-06
658.940 4.04757e-06
659.000 4.95797e-06
659.060 4.75430e-06
659.120 5.67270e-06
659.180 7.67353e-06
659.240 4.29857e-06
659.300 4.61094e-06
659.360 4.41519e-06
659.420 2.35802e-06
659.480 4.38554e-06
659.540 4.90020e-06
659.600 2.18299e-06
659.660 4.65997e-06
659.720 3.77424e-06
659.780 3.53284e-06
659.840 4.82698e-06
659.900 5.07576e-06
659.960 4.08595e-06
660.020 3.63043e-06
660.080 3.87626e-06
660.140 3.04472e-06
660.200 3.86966e-06
660.260 3.31140e-06
660.320 4.45566e-06
660.380 6.00876e-06
660.440 6.16815e-06
660.500 5.22832e-06
660.560 5.07100e-06
660.620 4.65227e-06
660.680 6.61305e-06
660.740 7.00510e-06
660.800 4.46578e-06
660.860 4.45011e-06
660.920 4.74264e-06
660.980 5.22414e-06
661.040 5.20586e-06
661.100 3.37821e-06
661.160 5.14024e-06
661.220 5.05800e-06
661.280 3.81219e-06
661.340 3.71238e-06
661.400 4.13245e-06
661.460 5.39892e-06
661.520 4.91528e-06
661.580 5.06133e-06
661.640 3.29416e-06
661.700 3.69995e-06
661.760 4.33025e-06
661.820 5.60888e-06
661.880 4.63545e-06
661.940 4.66100e-06
662.000 4.09558e-06
662.060 4.50936e-06
662.120 4.17852e-06
662.180 4.41991e-06
662.240 8.66540e-06
662.300 5.76422e-06
662.360 3.47951e-06
662.420 3.17722e-06
662.480 4.62475e-06
662.540 2.44431e-06
662.600 3.46278e-06
662.660 3.84407e-06
662.720 2.84750e-06
662.780 4.82081e-06
662.840 4.63838e-06
662.900 5.64984e-06
662.960 4.44089e-06
663.020 4.51940e-06
663.080 4.76152e-06
663.140 5.46071e-06
663.200 4.64576e-06
663.260 3.81809e-06
663.320 4.46480e-06
663.380 4.70115e-06
663.440 5.32230e-06
663.500 4.61691e-06
663.560 3.69382e-06
663.620 4.13992e-06
663.680 4.60197e-06
663.740 3.83655e-06
663.800 4.97531e-06
663.860 5.29868e-06
663.920 3.95792e-06
663.980 4.42952e-06
664.040 4.03391e-06
664.100 3.79607e-06
664.160 2.90928e-06
664.220 3.82410e-06
664.280 3.56180e-06
664.340 3.44013e-06
664.400 4.82082e-06
664.460 3.16829e-06
664.520 2.67904e-06
664.580 3.86655e-06
664.640 5.70906e-06
664.700 4.00366e-06
664.760 4.63314e-06
664.820 4.49075e-06
664.880 4.97030e-06
664.940 4.81346e-06
665.000 4.57885e-06
665.060 4.87982e-06
665.120 4.07245e-06
665.180 5.20685e-06
665.240 4.32224e-06
665.300 5.31674e-06
665.360 6.28026e-06
665.420 8.40432e-06
665.480 7.91738e-06
665.540 7.65004e-06
665.600 7.65774e-06
665.660 7.90727e-06
665.720 7.72749e-06
665.780 7.66458e-06
665.840 8.36491e-06
665.900 8.17339e-06
665.960 8.14396e-06
666.020 7.49658e-06
666.080 7.91917e-06
666.140 7.96903e-06
666.200 7.03516e-06
666.260 5.96129e-06
666.320 8.31706e-06
666.380 5.62549e-06
666.440 6.58736e-06
666.500 7.17234e-06
666.560 5.99365e-06
666.620 7.30545e-06
666.680 4.90777e-06
666.740 7.51496e-06
666.800 4.87028e-06
666.860 5.23497e-06
666.920 6.45413e-06
666.980 4.54705e-06
667.040 7.51151e-06
667.100 5.02166e-06
667.160 4.29384e-06
667.220 5.77397e-06
667.280 6.42204e-06
667.340 4.72445e-06
667.400 5.38110e-06
667.460 5.48581e-06
667.520 4.65127e-06
667.580 5.24836e-06
667.640 4.82021e-06
667.700 7.56978e-06
667.760 5.74942e-06
667.820 5.90143e-06
667.880 4.65002e-06
667.940 4.81818e-06
668.000 4.64386e-06
668.060 5.16592e-06
668.120 5.58900e-06
668.180 3.94797e-06
668.240 4.25136e-06
668.300 1.95368e-06
668.360 3.68762e-06
668.420 4.86788e-06
668.480 5.65052e-06
668.540 2.90566e-06
668.600 4.81825e-06
668.660 4.89870e-06
668.720 3.61042e-06
668.780 3.72861e-06
668.840 3.90099e-06
668.900 5.09442e-06
668.960 3.87191e-06
669.020 4.99106e-06
669.080 3.33055e-06
669.140 5.27423e-06
669.200 3.74480e-06
669.260 6.57983e-06
669.320 6.66602e-06
669.380 3.65860e-06
669.440 6.22775e-06
669.500 4.01631e-06
669.560 4.19280e-06
669.620 5.07923e-06
669.680 5.92092e-06
669.740 3.86166e-06
669.800 3.08439e-06
669.860 3.33035e-06
669.920 2.98344e-06
669.980 3.83475e-06
670.040 4.11617e-06
670.100 3.36478e-06
670.160 4.39362e-06
670.220 4.65203e-06
670.280 2.78713e-06
670.340 4.30200e-06
670.400 3.21749e-06
670.460 4.20828e-06
670.520 4.62645e-06
670.580 4.10488e-06
670.640 3.66802e-06
670.700 4.95425e-06
670.760 4.61066e-06
670.820 5.42991e-06
670.880 8.07676e-06
670.940 3.73494e-06
671.000 4.53302e-06
671.060 4.16608e-06
671.120 3.72908e-06
671.180 4.13489e-06
671.240 4.11695e-06
671.300 4.59659e-06
671.360 3.49309e-06
671.420 4.08461e-06
671.480 4.44911e-06
671.540 3.90018e-06
671.600 4.88643e-06
671.660 4.73563e-06
671.720 2.25948e-06
671.780 2.89649e-06
671.840 4.12083e-06
671.900 4.63506e-06
671.960 3.54840e-06
672.020 4.51956e-06
672.080 5.71052e-06
672.140 3.39950e-06
672.200 3.34642e-06
672.260 4.32913e-06
672.320 4.31586e-06
672.380 6.53679e-06
672.440 6.67596e-06
672.500 4.40704e-06
672.560 3.92282e-06
672.620 4.41113e-06
672.680 4.60197e-06
672.740 3.64387e-06
672.800 3.45946e-06
672.860 5.06947e-06
672.920 3.37885e-06
672.980 4.02349e-06
673.040 5.21700e-06
673.100 3.69325e-06
673.160 4.54140e-06
673.220 3.50504e-06
673.280 3.92364e-06
673.340 4.53842e-06
673.400 3.27839e-06
673.460 4.06884e-06
673.520 3.63113e-06
673.580 3.18015e-06
673.640 5.10911e-06
673.700 4.51221e-06
673.760 4.29439e-06
673.820 3.41849e-06
673.880 3.71693e-06
673.940 4.86202e-06
674.000 6.33075e-06
674.060 5.56288e-06
674.120 4.67989e-06
674.180 5.76880e-06
674.240 5.42850e-06
674.300 4.87826e-06
674.360 3.54804e-06
674.420 5.45902e-06
674.480 4.43644e-06
674.540 3.72261e-06
674.600 3.35997e-06
674.660 4.24887e-06
674.720 4.37435e-06
674.780 2.89466e-06
674.840 4.55513e-06
674.900 4.28441e-06
674.960 4.27072e-06
675.020 4.32189e-06
675.080 3.38304e-06
675.140 3.76539e-06
675.200 4.52402e-06
675.260 5.15177e-06
675.320 4.36329e-06
675.380 3.05253e-06
675.440 4.04173e-06
675.500 3.97354e-06
675.560 6.46846e-06
675.620 7.41852e-06
675.680 5.11743e-06
675.740 4.48356e-06
675.800 3.92199e-06
675.860 4.03519e-06
675.920 4.04574e-06
675.980 5.03671e-06
676.040 5.21282e-06
676.100 3.42561e-06
676.160 4.19456e-06
676.220 3.99631e-06
676.280 4.05989e-06
676.340 4.17486e-06
676.400 3.28142e-06
676.460 6.98370e-06
676.520 4.99891e-06
676.580 3.11201e-06
676.640 3.52239e-06
676.700 3.33378e-06
676.760 4.95009e-06
676.820 3.23134e-06
676.880 4.55528e-06
676.940 4.50653e-06
677.000 4.33878e-06
677.060 4.91243e-06
677.120 4.95041e-06
677.180 7.03273e-06
677.240 4.85140e-06
677.300 4.41605e-06
677.360 4.62043e-06
677.420 4.70336e-06
677.480 4.38614e-06
677.540 4.82543e-06
677.600 6.01243e-06
677.660 2.92187e-06
677.720 3.91897e-06
677.780 3.18150e-06
677.840 3.63390e-06
677.900 4.12221e-06
677.960 3.58988e-06
678.020 4.18222e-06
678.080 3.74983e-06
678.140 4.04812e-06
678.200 3.42833e-06
678.260 3.96709e-06
678.320 3.02316e-06
678.380 3.70068e-06
678.440 3.12239e-06
678.500 4.49302e-06
678.560 4.64989e-06
678.620 3.83343e-06
678.680 4.13923e-06
678.740 5.61595e-06
678.800 6.59465e-06
678.860 4.21156e-06
678.920 4.58437e-06
678.980 3.67410e-06
679.040 4.17163e-06
679.100 4.48247e-06
679.160 4.74552e-06
679.220 4.51434e-06
679.280 3.52797e-06
679.340 3.87751e-06
679.400 3.04006e-06
679.460 3.53295e-06
679.520 2.74345e-06
679.580 2.34395e-06
679.640 4.10323e-06
679.700 3.56493e-06
679.760 3.41532e-06
679.820 3.35206e-06
679.880 4.00633e-06
679.940 4.15947e-06
680.000 2.89643e-06
680.060 3.28354e-06
680.120 4.79172e-06
680.180 5.02435e-06
680.240 3.95329e-06
680.300 5.26466e-06
680.360 6.07027e-06
680.420 5.56878e-06
680.480 4.74687e-06
680.540 4.91823e-06
680.600 5.31871e-06
680.660 3.83709e-06
680.720 3.80781e-06
680.780 5.05869e-06
680.840 3.81432e-06
680.900 3.13131e-06
680.960 3.34331e-06
681.020 3.40634e-06
681.080 4.60591e-06
681.140 3.65577e-06
681.200 3.36241e-06
681.260 3.81939e-06
681.320 3.74360e-06
681.380 3.80534e-06
681.440 2.90699e-06
681.500 3.80589e-06
681.560 3.69194e-06
681.620 3.54563e-06
681.680 3.22036e-06
681.740 3.70677e-06
681.800 4.78278e-06
681.860 4.03082e-06
681.920 6.40872e-06
681.980 6.47833e-06
682.040 4.76546e-06
682.100 3.84879e-06
682.160 3.49038e-06
682.220 3.86204e-06
682.280 4.11930e-06
682.340 4.21225e-06
682.400 3.52550e-06
682.460 3.34845e-06
682.520 3.67749e-06
682.580 3.51542e-06
682.640 3.40206e-06
682.700 3.41327e-06
682.760 3.71903e-06
682.820 3.54649e-06
682.880 3.39741e-06
682.940 3.18243e-06
683.000 2.83831e-06
683.060 4.56344e-06
683.120 4.25358e-06
683.180 3.81564e-06
683.240 4.16952e-06
683.300 3.88940e-06
683.360 4.36445e-06
683.420 4.17214e-06
683.480 3.81666e-06
683.540 6.02094e-06
683.600 5.18171e-06
683.660 3.97061e-06
683.720 3.73455e-06
683.780 3.68541e-06
683.840 2.64594e-06
683.900 3.70653e-06
683.960 6.04672e-06
684.020 3.26315e-06
684.080 3.97025e-06
684.140 3.94786e-06
684.200 3.59452e-06
684.260 3.55384e-06
684.320 4.07563e-06
684.380 4.86884e-06
684.440 4.50724e-06
684.500 4.17136e-06
684.560 4.92430e-06
684.620 3.77852e-06
684.680 3.60708e-06
684.740 3.88091e-06
684.800 3.26360e-06
684.860 3.64655e-06
684.920 3.12112e-06
684.980 4.34172e-06
685.040 3.85556e-06
685.100 6.29726e-06
685.160 6.80634e-06
685.220 4.67092e-06
685.280 4.55387e-06
685.340 4.04226e-06
685.400 2.83325e-06
685.460 3.82395e-06
685.520 4.45789e-06
685.580 4.52401e-06
685.640 3.74034e-06
685.700 3.20779e-06
685.760 3.85500e-06
685.820 3.97054e-06
685.880 4.00570e-06
685.940 3.19824e-06
686.000 3.76252e-06
686.060 3.27779e-06
686.120 3.66178e-06
686.180 3.78701e-06
686.240 3.72602e-06
686.300 3.32083e-06
686.360 4.13671e-06
686.420 3.53507e-06
686.480 3.21368e-06
686.540 3.80192e-06
686.600 3.72215e-06
686.660 3.90652e-06
686.720 5.46913e-06
686.780 6.77829e-06
686.840 4.25621e-06
686.900 4.85225e-06
686.960 3.94614e-06
687.020 3.86791e-06
687.080 3.74316e-06
687.140 4.33453e-06
687.200 4.14683e-06
687.260 3.02119e-06
687.320 4.43275e-06
687.380 3.66805e-06
687.440 3.60425e-06
687.500 3.88659e-06
687.560 4.60704e-06
687.620 3.91871e-06
687.680 3.52389e-06
687.740 3.30274e-06
687.800 4.36316e-06
687.860 3.52696e-06
687.920 2.64147e-06
687.980 3.37039e-06
688.040 3.05211e-06
688.100 3.69840e-06
688.160 4.20756e-06
688.220 4.99465e-06
688.280 4.24680e-06
688.340 5.60592e-06
688.400 5.52194e-06
688.460 4.62610e-06
688.520 4.42527e-06
688.580 3.19228e-06
688.640 3.80537e-06
688.700 2.88432e-06
688.760 4.15847e-06
688.820 4.66467e-06
688.880 3.77392e-06
688.940 4.33624e-06
689.000 3.56265e-06
689.060 4.13195e-06
689.120 3.84174e-06
689.180 4.41837e-06
689.240 4.27250e-06
689.300 4.44684e-06
689.360 4.23501e-06
689.420 3.99331e-06
689.480 4.00155e-06
689.540 3.91539e-06
689.600 3.67576e-06
689.660 3.39213e-06
689.720 4.36626e-06
689.780 3.22502e-06
689.840 4.49844e-06
689.900 4.33521e-06
689.960 7.17017e-06
690.020 5.42592e-06
690.080 2.62712e-06
690.140 3.87265e-06
690.200 3.32282e-06
690.260 3.76272e-06
690.320 3.07923e-06
690.380 4.45060e-06
690.440 3.72836e-06
690.500 3.54423e-06
690.560 3.16480e-06
690.620 4.45637e-06
690.680 4.27561e-06
690.740 3.59195e-06
690.800 4.92627e-06
690.860 4.83761e-06
690.920 4.51211e-06
690.980 4.30066e-06
691.040 4.76074e-06
691.100 4.09838e-06
691.160 3.98020e-06
691.220 3.79688e-06
691.280 4.48076e-06
691.340 3.67785e-06
691.400 3.52997e-06
691.460 2.86282e-06
691.520 4.53706e-06
691.580 6.34601e-06
691.640 4.41465e-06
691.700 3.42163e-06
691.760 3.03820e-06
691.820 3.83567e-06
691.880 2.63170e-06
691.940 3.05876e-06
692.000 4.71453e-06
692.060 3.72633e-06
692.120 3.68782e-06
692.180 4.93306e-06
692.240 4.58947e-06
692.300 4.01734e-06
692.360 3.80290e-06
692.420 4.54086e-06
692.480 4.65374e-06
692.540 5.04787e-06
692.600 4.30223e-06
692.660 3.32050e-06
692.720 3.98116e-06
692.780 4.24960e-06
692.840 4.69325e-06
692.900 4.09634e-06
692.960 3.66076e-06
693.020 3.31591e-06
693.080 4.25040e-06
693.140 4.74524e-06
693.200 5.61789e-06
693.260 4.64788e-06
693.320 3.96276e-06
693.380 4.62600e-06
693.440 3.03573e-06
693.500 3.92514e-06
693.560 3.84852e-06
693.620 3.86077e-06
693.680 4.74631e-06
693.740 4.52426e-06
693.800 5.35263e-06
693.860 4.81305e-06
693.920 5.14913e-06
693.980 4.80798e-06
694.040 4.98167e-06
694.100 5.47493e-06
694.160 4.45567e-06
694.220 3.71193e-06
694.280 3.60300e-06
694.340 4.45777e-06
694.400 4.43121e-06
694.460 3.61736e-06
694.520 3.38476e-06
694.580 4.14739e-06
694.640 3.32609e-06
694.700 3.47351e-06
694.760 4.62380e-06
694.820 6.60196e-06
694.880 4.18496e-06
694.940 3.13452e-06
695.000 3.59379e-06
695.060 3.27399e-06
695.120 4.42083e-06
695.180 3.72379e-06
695.240 4.07947e-06
695.300 3.52956e-06
695.360 5.14665e-06
695.420 5.36629e-06
695.480 3.34995e-06
695.540 4.59242e-06
695.600 6.49878e-06
695.660 4.60527e-06
695.720 5.10430e-06
695.780 3.89064e-06
695.840 3.21010e-06
695.900 4.61661e-06
695.960 3.98480e-06
696.020 4.25315e-06
696.080 4.56536e-06
696.140 4.40028e-06
696.200 3.27009e-06
696.260 3.73037e-06
696.320 3.37069e-06
696.380 4.31656e-06
696.440 5.52628e-06
696.500 3.88779e-06
696.560 3.00198e-06
696.620 4.99697e-06
696.680 4.00613e-06
696.740 4.12399e-06
696.800 3.50503e-06
696.860 4.49171e-06
696.920 4.68419e-06
696.980 2.98806e-06
697.040 5.01512e-06
697.100 5.55963e-06
697.160 6.56881e-06
697.220 5.33208e-06
697.280 5.54092e-06
697.340 5.44359e-06
697.400 4.31786e-06
697.460 5.41075e-06
697.520 5.68958e-06
697.580 4.51951e-06
697.640 5.21091e-06
697.700 4.23740e-06
697.760 4.23380e-06
697.820 3.56943e-06
697.880 3.44044e-06
697.940 3.90996e-06
698.000 3.42811e-06
698.060 5.54330e-06
698.120 3.98549e-06
698.180 2.79082e-06
698.240 3.56247e-06
698.300 4.61192e-06
698.360 4.71600e-06
698.420 4.09690e-06
698.480 3.93685e-06
698.540 4.83782e-06
698.600 3.82080e-06
698.660 4.23474e-06
698.720 5.05494e-06
698.780 5.07693e-06
698.840 5.36511e-06
698.900 5.09358e-06
698.960 4.09393e-06
699.020 3.28715e-06
699.080 4.98966e-06
699.140 5.21110e-06
699.200 5.22855e-06
699.260 6.15227e-06
699.320 5.20281e-06
699.380 5.56230e-06
699.440 4.89248e-06
699.500 3.33109e-06
699.560 3.35693e-06
699.620 3.07627e-06
699.680 5.15019e-06
699.740 2.96061e-06
699.800 3.49042e-06
699.860 4.22448e-06
699.920 4.00492e-06
699.980 4.66580e-06
700.040 5.05587e-06
700.100 4.95018e-06
700.160 4.19059e-06
700.220 5.76752e-06
700.280 4.74058e-06
700.340 4.90037e-06
700.400 3.50215e-06
700.460 4.90483e-06
700.520 5.55285e-06
700.580 4.27151e-06
700.640 4.46565e-06
700.700 4.44357e-06
700.760 5.35174e-06
700.820 5.49534e-06
700.880 5.91238e-06
700.940 5.33645e-06
701.000 5.16399e-06
701.060 4.52898e-06
701.120 4.15404e-06
701.180 4.63999e-06
701.240 4.00866e-06
701.300 4.96885e-06
701.360 5.04344e-06
701.420 3.33146e-06
701.480 4.53535e-06
701.540 4.73111e-06
701.600 4.73847e-06
701.660 6.28406e-06
701.720 5.09508e-06
701.780 4.99359e-06
701.840 5.72967e-06
701.900 5.73230e-06
701.960 5.80816e-06
702.020 5.57376e-06
702.080 4.97440e-06
702.140 4.06018e-06
702.200 3.60276e-06
702.260 4.58216e-06
702.320 4.89065e-06
702.380 5.28236e-06
702.440 6.97456e-06
702.500 6.14375e-06
702.560 6.29289e-06
702.620 5.59823e-06
702.680 5.67171e-06
702.740 5.37916e-06
702.800 5.10828e-06
702.860 3.96780e-06
702.920 4.80509e-06
702.980 5.17356e-06
703.040 2.89582e-06
703.100 4.69555e-06
703.160 3.20753e-06
703.220 5.17865e-06
703.280 6.84496e-06
703.340 5.75332e-06
703.400 5.37077e-06
703.460 5.50949e-06
703.520 6.02800e-06
703.580 6.54698e-06
703.640 5.52311e-06
703.700 4.38845e-06
703.760 5.20801e-06
703.820 4.62828e-06
703.880 4.22677e-06
703.940 4.68053e-06
704.000 5.98095e-06
704.060 5.87149e-06
704.120 6.17693e-06
704.180 6.92894e-06
704.240 7.70991e-06
704.300 5.38842e-06
704.360 4.89003e-06
704.420 5.32272e-06
704.480 3.81487e-06
704.540 4.82779e-06
704.600 4.63624e-06
704.660 3.95165e-06
704.720 4.92721e-06
704.780 5.47334e-06
704.840 5.09195e-06
704.900 5.88964e-06
704.960 5.82868e-06
705.020 5.14695e-06
705.080 6.65809e-06
705.140 6.53492e-06
705.200 5.94096e-06
705.260 6.29774e-06
705.320 3.19059e-06
705.380 2.92721e-06
705.440 4.35935e-06
705.500 4.00729e-06
705.560 5.09920e-06
705.620 5.60268e-06
705.680 6.65250e-06
705.740 6.96395e-06
705.800 7.62294e-06
705.860 7.86347e-06
705.920 6.40890e-06
705.980 6.50437e-06
706.040 5.75203e-06
706.100 5.03397e-06
706.160 3.63100e-06
706.220 4.58327e-06
706.280 4.26687e-06
706.340 3.64866e-06
706.400 5.63885e-06
706.460 6.77054e-06
706.520 7.50546e-06
706.580 6.85702e-06
706.640 5.70602e-06
706.700 5.69811e-06
706.760 7.85991e-06
706.820 6.41573e-06
706.880 5.06034e-06
706.940 4.30204e-06
707.000 3.91819e-06
707.060 4.49596e-06
707.120 5.82360e-06
707.180 6.58296e-06
707.240 6.96165e-06
707.300 6.72545e-06
707.360 5.78493e-06
707.420 8.15272e-06
707.480 9.21154e-06
707.540 5.87027e-06
707.600 6.47233e-06
707.660 7.49960e-06
707.720 5.30302e-06
707.780 5.55820e-06
707.840 2.56914e-06
707.900 3.67572e-06
707.960 5.36370e-06
708.020 5.43501e-06
708.080 6.06116e-06
708.140 7.13220e-06
708.200 7.65132e-06
708.260 6.14309e-06
708.320 5.94514e-06
708.380 6.51642e-06
708.440 6.26438e-06
708.500 4.40825e-06
708.560 4.32376e-06
708.620 4.07914e-06
708.680 5.22819e-06
708.740 6.10884e-06
708.800 6.80056e-06
708.860 7.06523e-06
708.920 6.69475e-06
708.980 7.25669e-06
709.040 7.64625e-06
709.100 5.73995e-06
709.160 5.48257e-06
709.220 6.65247e-06
709.280 5.87731e-06
709.340 6.00142e-06
709.400 4.19752e-06
709.460 3.87500e-06
709.520 4.45119e-06
709.580 3.59113e-06
709.640 5.54313e-06
709.700 8.32122e-06
709.760 7.70873e-06
709.820 7.50228e-06
709.880 7.59608e-06
709.940 5.58728e-06
710.000 5.82002e-06
710.060 3.22274e-06
710.120 2.64456e-06
710.180 4.03811e-06
710.240 3.55236e-06
710.300 4.96834e-06
710.360 5.96068e-06
710.420 7.70129e-06
710.480 7.15445e-06
710.540 8.13619e-06
710.600 8.98787e-06
710.660 9.34118e-06
710.720 8.96172e-06
710.780 8.40414e-06
710.840 6.99475e-06
710.900 5.75916e-06
710.960 7.77101e-06
711.020 5.50859e-06
711.080 4.12761e-06
711.140 5.11524e-06
711.200 5.14058e-06
711.260 5.18237e-06
711.320 7.37226e-06
711.380 8.09438e-06
711.440 7.89104e-06
711.500 7.05857e-06
711.560 5.99675e-06
711.620 5.58965e-06
711.680 3.36981e-06
711.740 3.63191e-06
711.800 4.42542e-06
711.860 4.90952e-06
711.920 6.35063e-06
711.980 7.00974e-06
712.040 8.09138e-06
712.100 9.09871e-06
712.160 8.86339e-06
712.220 9.12744e-06
712.280 8.57428e-06
712.340 8.09737e-06
712.400 8.60394e-06
712.460 7.71307e-06
712.520 8.26792e-06
712.580 7.32610e-06
712.640 5.73911e-06
712.700 6.55168e-06
712.760 3.49133e-06
712.820 3.91115e-06
712.880 7.17044e-06
712.940 7.25680e-06
713.000 7.54686e-06
713.060 7.40731e-06
713.120 6.73991e-06
713.180 5.60549e-06
713.240 3.83107e-06
713.300 3.19458e-06
713.360 3.90973e-06
713.420 5.94806e-06
713.480 7.13509e-06
713.540 6.70222e-06
713.600 7.97315e-06
713.660 8.39965e-06
713.720 9.91043e-06
713.780 9.75775e-06
713.840 8.97903e-06
713.900 9.77646e-06
713.960 9.50482e-06
714.020 9.04844e-06
714.080 7.67724e-06
714.140 8.52262e-06
714.200 8.32276e-06
714.260 7.20440e-06
714.320 7.05394e-06
714.380 5.21143e-06
714.440 4.95548e-06
714.500 6.26995e-06
714.560 7.67780e-06
714.620 8.08989e-06
714.680 7.64748e-06
714.740 6.48235e-06
714.800 4.30963e-06
714.860 4.20045e-06
714.920 4.29171e-06
714.980 4.20032e-06
715.040 6.19197e-06
715.100 6.58380e-06
715.160 6.77187e-06
715.220 8.73613e-06
715.280 7.47293e-06
715.340 9.08684e-06
715.400 8.45339e-06
715.460 6.92366e-06
715.520 9.91850e-06
715.580 8.40049e-06
715.640 7.32839e-06
715.700 9.03484e-06
715.760 7.84477e-06
715.820 6.05475e-06
715.880 7.66014e-06
715.940 7.24144e-06
716.000 7.00175e-06
716.060 4.41432e-06
716.120 5.42355e-06
716.180 6.22698e-06
716.240 4.19498e-06
716.300 6.72737e-06
716.360 4.96777e-06
716.420 3.81988e-06
716.480 2.61809e-06
716.540 4.77398e-06
716.600 5.56897e-06
716.660 5.34161e-06
716.720 6.20605e-06
716.780 4.34357e-06
716.840 5.13077e-06
716.900 5.31639e-06
716.960 5.04653e-06
717.020 5.12004e-06
717.080 4.63578e-06
717.140 4.15924e-06
717.200 4.95698e-06
717.260 3.74524e-06
717.320 3.87013e-06
717.380 3.90713e-06
717.440 3.75632e-06
717.500 3.64608e-06
717.560 3.70277e-06
717.620 3.65562e-06
717.680 3.68792e-06
717.740 4.31723e-06
717.800 3.55440e-06
717.860 3.63221e-06
717.920 3.38807e-06
717.980 4.47519e-06
718.040 4.37897e-06
718.100 3.70433e-06
718.160 3.86463e-06
718.220 4.15859e-06
718.280 3.89799e-06
718.340 4.20920e-06
718.400 3.46043e-06
718.460 4.21480e-06
718.520 3.89828e-06
718.580 3.84642e-06
718.640 4.94255e-06
718.700 4.50730e-06
718.760 4.76603e-06
718.820 3.39583e-06
718.880 3.68992e-06
718.940 4.79630e-06
719.000 5.05051e-06
719.060 4.89452e-06
719.120 6.13240e-06
719.180 5.30171e-06
719.240 5.62489e-06
719.300 5.59512e-06
719.360 4.35810e-06
719.420 6.07272e-06
719.480 5.17865e-06
719.540 4.74639e-06
719.600 7.47729e-06
719.660 9.26734e-06
719.720 9.53265e-06
719.780 7.94530e-06
719.840 7.87212e-06
719.900 8.88640e-06
719.960 8.07270e-06
720.020 8.47350e-06
720.080 9.41778e-06
720.140 9.35993e-06
720.200 8.53268e-06
720.260 7.76104e-06
720.320 5.68671e-06
720.380 3.48924e-06
720.440 6.22759e-06
720.500 7.95490e-06
720.560 7.56151e-06
720.620 9.57953e-06
720.680 1.02489e-05
720.740 1.11685e-05
720.800 9.42050e-06
720.860 9.85718e-06
720.920 9.78223e-06
720.980 8.12504e-06
721.040 7.48537e-06
721.100 7.95629e-06
721.160 9.54447e-06
721.220 8.92935e-06
721.280 1.01033e-05
721.340 9.49504e-06
721.400 1.00083e-05
721.460 9.37736e-06
721.520 7.83613e-06
721.580 8.16243e-06
721.640 7.86518e-06
721.700 8.18983e-06
721.760 8.62167e-06
721.820 6.17131e-06
721.880 3.76340e-06
721.940 3.95455e-06
722.000 5.41447e-06
722.060 7.16136e-06
722.120 8.61932e-06
722.180 9.42368e-06
722.240 9.46199e-06
722.300 8.40386e-06
722.360 9.67556e-06
722.420 1.05481e-05
722.480 1.00903e-05
722.540 1.04832e-05
722.600 1.02919e-05
722.660 9.17275e-06
722.720 6.78933e-06
722.780 9.45081e-06
722.840 9.22750e-06
722.900 1.03672e-05
722.960 1.09758e-05
723.020 1.00495e-05
723.080 9.37093e-06
723.140 8.05931e-06
723.200 8.97375e-06
723.260 7.32394e-06
723.320 6.89011e-06
723.380 5.23532e-06
723.440 4.12574e-06
723.500 4.51154e-06
723.560 4.50789e-06
723.620 6.00613e-06
723.680 8.44466e-06
723.740 8.44511e-06
723.800 8.96639e-06
723.860 1.03748e-05
723.920 9.80107e-06
723.980 1.03368e-05
724.040 1.10896e-05
724.100 1.09900e-05
724.160 1.06469e-05
724.220 9.04282e-06
724.280 9.21516e-06
724.340 8.48494e-06
724.400 9.97493e-06
724.460 9.56950e-06
724.520 8.72505e-06
724.580 9.32565e-06
724.640 8.34338e-06
724.700 9.12463e-06
724.760 6.51884e-06
724.820 6.07297e-06
724.880 6.11572e-06
724.940 4.58495e-06
725.000 3.22579e-06
725.060 3.53577e-06
725.120 4.64927e-06
725.180 7.12298e-06
725.240 6.83935e-06
725.300 6.32968e-06
725.360 8.76358e-06
725.420 8.64628e-06
725.480 9.89392e-06
725.540 9.73250e-06
725.600 1.03702e-05
725.660 1.07621e-05
725.720 9.13653e-06
725.780 9.42635e-06
725.840 9.41413e-06
725.900 9.93187e-06
725.960 9.50089e-06
726.020 8.46710e-06
726.080 9.47325e-06
726.140 9.71215e-06
726.200 7.50235e-06
726.260 7.11127e-06
726.320 6.36411e-06
726.380 6.80434e-06
726.440 5.22439e-06
726.500 3.51072e-06
726.560 4.75588e-06
726.620 4.71181e-06
726.680 6.00183e-06
726.740 5.49531e-06
726.800 7.81445e-06
726.860 6.53801e-06
726.920 7.09818e-06
726.980 8.75377e-06
727.040 9.00804e-06
727.100 9.28329e-06
727.160 7.36811e-06
727.220 8.64994e-06
727.280 7.40517e-06
727.340 7.31595e-06
727.400 9.39728e-06
727.460 9.51636e-06
727.520 9.61950e-06
727.580 1.01070e-05
727.640 9.78577e-06
727.700 9.86990e-06
727.760 9.21674e-06
727.820 8.21967e-06
727.880 6.08268e-06
727.940 4.86439e-06
728.000 3.78007e-06
728.060 4.07253e-06
728.120 3.40994e-06
728.180 3.86487e-06
728.240 5.48596e-06
728.300 6.73250e-06
728.360 7.90966e-06
728.420 8.45092e-06
728.480 9.44390e-06
728.540 7.41486e-06
728.600 1.07044e-05
728.660 9.24670e-06
728.720 1.00807e-05
728.780 1.12054e-05
728.840 7.38950e-06
728.900 8.59966e-06
728.960 6.77685e-06
729.020 9.09803e-06
729.080 8.67626e-06
729.140 8.58646e-06
729.200 9.37703e-06
729.260 8.47049e-06
729.320 9.98609e-06
729.380 8.79307e-06
729.440 7.20605e-06
729.500 5.39797e-06
729.560 3.51410e-06
729.620 3.13678e-06
729.680 4.56501e-06
729.740 5.28264e-06
729.800 6.51941e-06
729.860 6.42198e-06
729.920 7.57116e-06
729.980 7.82471e-06
730.040 8.17615e-06
730.100 8.64487e-06
730.160 7.87956e-06
730.220 8.85559e-06
730.280 9.14756e-06
730.340 8.85243e-06
730.400 9.52697e-06
730.460 1.08570e-05
730.520 1.03262e-05
730.580 1.06473e-05
730.640 1.00839e-05
730.700 8.30599e-06
730.760 8.39383e-06
730.820 8.36716e-06
730.880 8.17592e-06
730.940 6.09362e-06
731.000 4.14472e-06
731.060 4.32529e-06
731.120 3.27344e-06
731.180 3.20146e-06
731.240 4.03855e-06
731.300 6.50801e-06
731.360 6.98636e-06
731.420 7.22758e-06
731.480 8.64389e-06
731.540 7.79278e-06
731.600 8.85386e-06
731.660 1.05698e-05
731.720 9.52065e-06
731.780 7.26439e-06
731.840 7.49101e-06
731.900 9.37570e-06
731.960 9.15980e-06
732.020 1.04503e-05
732.080 1.03350e-05
732.140 9.30946e-06
732.200 1.07320e-05
732.260 9.46359e-06
732.320 9.18458e-06
732.380 8.35559e-06
732.440 8.27358e-06
732.500 7.46812e-06
732.560 5.18039e-06
732.620 4.50429e-06
732.680 4.44563e-06
732.740 5.07269e-06
732.800 5.40079e-06
732.860 6.07213e-06
732.920 6.48020e-06
732.980 7.54231e-06
733.040 8.09656e-06
733.100 7.89493e-06
733.160 8.93522e-06
733.220 8.81996e-06
733.280 8.41349e-06
733.340 7.65679e-06
733.400 7.34698e-06
733.460 9.97578e-06
733.520 9.94367e-06
733.580 9.35744e-06
733.640 1.01790e-05
733.700 9.77918e-06
733.760 8.51444e-06
733.820 9.99707e-06
733.880 9.86101e-06
733.940 7.65185e-06
734.000 8.20638e-06
734.060 6.04180e-06
734.120 4.98917e-06
734.180 4.42594e-06
734.240 2.73505e-06
734.300 3.32503e-06
734.360 4.77238e-06
734.420 6.50107e-06
734.480 7.32892e-06
734.540 7.23553e-06
734.600 8.54476e-06
734.660 9.57946e-06
734.720 9.13676e-06
734.780 8.85661e-06
734.840 8.38158e-06
734.900 8.96625e-06
734.960 7.75489e-06
735.020 8.17699e-06
735.080 1.09245e-05
735.140 9.98423e-06
735.200 1.02885e-05
735.260 1.03349e-05
735.320 9.37703e-06
735.380 9.16534e-06
735.440 7.83042e-06
735.500 7.27793e-06
735.560 5.97132e-06
735.620 6.09208e-06
735.680 4.65373e-06
735.740 3.05936e-06
735.800 4.97545e-06
735.860 4.07370e-06
735.920 5.29634e-06
735.980 7.21666e-06
736.040 7.51969e-06
736.100 9.03850e-06
736.160 8.84533e-06
736.220 1.03304e-05
736.280 9.58778e-06
736.340 8.68198e-06
736.400 9.61016e-06
736.460 9.62659e-06
736.520 9.14604e-06
736.580 8.40688e-06
736.640 1.04939e-05
736.700 9.77481e-06
736.760 9.96163e-06
736.820 9.93472e-06
736.880 1.00253e-05
736.940 9.59616e-06
737.000 8.23399e-06
737.060 7.82572e-06
737.120 6.42906e-06
737.180 5.37398e-06
737.240 3.23024e-06
737.300 3.89251e-06
737.360 3.74561e-06
737.420 5.79274e-06
737.480 6.84041e-06
737.540 7.14354e-06
737.600 8.85899e-06
737.660 9.14062e-06
737.720 9.25192e-06
737.780 7.60221e-06
737.840 9.96033e-06
737.900 1.00160e-05
737.960 9.45785e-06
738.020 9.87927e-06
738.080 9.30617e-06
738.140 9.31731e-06
738.200 7.70294e-06
738.260 9.72928e-06
738.320 9.18224e-06
738.380 8.02306e-06
738.440 8.05166e-06
738.500 6.87609e-06
738.560 6.22395e-06
738.620 6.11501e-06
738.680 5.36815e-06
738.740 3.99059e-06
738.800 4.06708e-06
738.860 4.01540e-06
738.920 5.73793e-06
738.980 5.16526e-06
739.040 6.46956e-06
739.100 6.91055e-06
739.160 5.58319e-06
739.220 5.58103e-06
739.280 5.97114e-06
739.340 5.66472e-06
739.400 4.52316e-06
739.460 5.71642e-06
739.520 4.94989e-06
739.580 4.54931e-06
739.640 3.79814e-06
739.700 4.32861e-06
739.760 6.56930e-06
739.820 8.29032e-06
739.880 8.49375e-06
739.940 9.02500e-06
740.000 9.38849e-06
740.060 8.84363e-06
740.120 7.14575e-06
740.180 4.80183e-06
740.240 4.75135e-06
740.300 3.19689e-06
740.360 3.50145e-06
740.420 5.23325e-06
740.480 7.98592e-06
740.540 8.83992e-06
740.600 9.02808e-06
740.660 1.06672e-05
740.720 8.49477e-06
740.780 9.27990e-06
740.840 1.05450e-05
740.900 1.05023e-05
740.960 1.04570e-05
741.020 9.47893e-06
741.080 1.05951e-05
741.140 1.08740e-05
741.200 1.05724e-05
741.260 1.05218e-05
741.320 1.09588e-05
741.380 1.04698e-05
741.440 1.03545e-05
741.500 9.82007e-06
741.560 8.31728e-06
741.620 7.23955e-06
741.680 6.62574e-06
741.740 5.59938e-06
741.800 3.20029e-06
741.860 3.00746e-06
741.920 5.09875e-06
741.980 7.85773e-06
742.040 7.70908e-06
742.100 8.40255e-06
742.160 7.75225e-06
742.220 8.81295e-06
742.280 9.47231e-06
742.340 8.98103e-06
742.400 1.11973e-05
742.460 1.01606e-05
742.520 1.06786e-05
742.580 9.94727e-06
742.640 1.01296e-05
742.700 1.02853e-05
742.760 8.96095e-06
742.820 7.44664e-06
742.880 8.55477e-06
742.940 9.11764e-06
743.000 8.81078e-06
743.060 9.66613e-06
743.120 7.88234e-06
743.180 8.01611e-06
743.240 5.80942e-06
743.300 3.00239e-06
743.360 3.13943e-06
743.420 5.97218e-06
743.480 8.29861e-06
743.540 8.51249e-06
743.600 8.30089e-06
743.660 8.74915e-06
743.720 1.00188e-05
743.780 1.08383e-05
743.840 1.12200e-05
743.900 1.14726e-05
743.960 1.16185e-05
744.020 1.10051e-05
744.080 1.14259e-05
744.140 1.16845e-05
744.200 1.04816e-05
744.260 1.11855e-05
744.320 1.07993e-05
744.380 9.97083e-06
744.440 1.00590e-05
744.500 1.01641e-05
744.560 1.08560e-05
744.620 9.39094e-06
744.680 8.51390e-06
744.740 6.50131e-06
744.800 3.87891e-06
744.860 3.10470e-06
744.920 6.31959e-06
744.980 7.85901e-06
745.040 8.65001e-06
745.100 8.40458e-06
745.160 8.48750e-06
745.220 1.10985e-05
745.280 1.09111e-05
745.340 1.15377e-05
745.400 1.08523e-05
745.460 1.06732e-05
745.520 1.11819e-05
745.580 1.20642e-05
745.640 1.08146e-05
745.700 1.11827e-05
745.760 1.13918e-05
745.820 1.05956e-05
745.880 1.04290e-05
745.940 9.97241e-06
746.000 1.04348e-05
746.060 9.83098e-06
746.120 9.37628e-06
746.180 7.56169e-06
746.240 6.64979e-06
746.300 4.38163e-06
746.360 4.28261e-06
746.420 6.37823e-06
746.480 6.95677e-06
746.540 9.21298e-06
746.600 8.89117e-06
746.660 8.54798e-06
746.720 9.48114e-06
746.780 9.33055e-06
746.840 1.11467e-05
746.900 1.12708e-05
746.960 1.21299e-05
747.020 1.12319e-05
747.080 1.07788e-05
747.140 1.11820e-05
747.200 1.02932e-05
747.260 1.16785e-05
747.320 1.10678e-05
747.380 1.05004e-05
747.440 1.14088e-05
747.500 9.87529e-06
747.560 9.49192e-06
747.620 1.04043e-05
747.680 8.85846e-06
747.740 8.11041e-06
747.800 5.11637e-06
747.860 4.06628e-06
747.920 6.50384e-06
747.980 8.01658e-06
748.040 8.89276e-06
748.100 1.00060e-05
748.160 8.51577e-06
748.220 9.65546e-06
748.280 1.19937e-05
748.340 1.11542e-05
748.400 1.24485e-05
748.460 1.23906e-05
748.520 1.09570e-05
748.580 1.19163e-05
748.640 1.14642e-05
748.700 1.10716e-05
748.760 1.11921e-05
748.820 1.05443e-05
748.880 1.03493e-05
748.940 1.01188e-05
749.000 1.06483e-05
749.060 8.93164e-06
749.120 9.37242e-06
749.180 9.09662e-06
749.240 8.14386e-06
749.300 5.12165e-06
749.360 4.18265e-06
749.420 7.33837e-06
749.480 8.71496e-06
749.540 9.91651e-06
749.600 1.12288e-05
749.660 8.16957e-06
749.720 8.49663e-06
749.780 1.19957e-05
749.840 1.11016e-05
749.900 1.16988e-05
749.960 1.07502e-05
750.020 1.22405e-05
750.080 1.20294e-05
750.140 1.07800e-05
750.200 1.05047e-05
750.260 9.71883e-06
750.320 9.35237e-06
750.380 1.16815e-05
750.440 1.14743e-05
750.500 1.05347e-05
750.560 1.01900e-05
750.620 8.58276e-06
750.680 1.00239e-05
750.740 8.00076e-06
750.800 5.48179e-06
750.860 5.10138e-06
750.920 8.36762e-06
750.980 9.83885e-06
751.040 1.10148e-05
751.100 1.01576e-05
751.160 8.89975e-06
751.220 1.03285e-05
751.280 1.11959e-05
751.340 1.20725e-05
751.400 1.15473e-05
751.460 1.18135e-05
751.520 1.11175e-05
751.580 1.17996e-05
751.640 1.13157e-05
751.700 1.12174e-05
751.760 1.01444e-05
751.820 9.84066e-06
751.880 1.04119e-05
751.940 9.76694e-06
752.000 1.05231e-05
752.060 9.96959e-06
752.120 9.64760e-06
752.180 7.92264e-06
752.240 8.17474e-06
752.300 5.50726e-06
752.360 5.27483e-06
752.420 9.08568e-06
752.480 9.03857e-06
752.540 9.45127e-06
752.600 8.05734e-06
752.660 7.87550e-06
752.720 9.88736e-06
752.780 1.03073e-05
752.840 1.07266e-05
752.900 1.11978e-05
752.960 1.11085e-05
753.020 1.13060e-05
753.080 1.21828e-05
753.140 1.20967e-05
753.200 1.12214e-05
753.260 1.19739e-05
753.320 1.17453e-05
753.380 1.12124e-05
753.440 1.15791e-05
753.500 1.08731e-05
753.560 1.06634e-05
753.620 1.07689e-05
753.680 8.51104e-06
753.740 7.19568e-06
753.800 5.27909e-06
753.860 6.81633e-06
753.920 9.66737e-06
753.980 9.13030e-06
754.040 1.07387e-05
754.100 9.45899e-06
754.160 9.87821e-06
754.220 1.03122e-05
754.280 9.50296e-06
754.340 1.16422e-05
754.400 1.21707e-05
754.460 1.20032e-05
754.520 1.22520e-05
754.580 1.24139e-05
754.640 1.20611e-05
754.700 1.22581e-05
754.760 1.20413e-05
754.820 1.14724e-05
754.880 1.20353e-05
754.940 1.09082e-05
755.000 1.08966e-05
755.060 1.12525e-05
755.120 1.02257e-05
755.180 1.02607e-05
755.240 7.28432e-06
755.300 5.57174e-06
755.360 7.36300e-06
755.420 8.54807e-06
755.480 1.11850e-05
755.540 1.05248e-05
755.600 8.90836e-06
755.660 1.09888e-05
755.720 1.06040e-05
755.780 1.14512e-05
755.840 1.19648e-05
755.900 1.16377e-05
755.960 1.23126e-05
756.020 1.16099e-05
756.080 1.20916e-05
756.140 1.15438e-05
756.200 1.10378e-05
756.260 1.15020e-05
756.320 1.14573e-05
756.380 1.08803e-05
756.440 1.14134e-05
756.500 1.19931e-05
756.560 1.12793e-05
756.620 1.04752e-05
756.680 9.92767e-06
756.740 7.35059e-06
756.800 6.02168e-06
756.860 9.89155e-06
756.920 1.10411e-05
756.980 1.01608e-05
757.040 9.85024e-06
757.100 8.41807e-06
757.160 9.85758e-06
757.220 1.15171e-05
757.280 1.17161e-05
757.340 1.18720e-05
757.400 1.13403e-05
757.460 1.25125e-05
757.520 1.20983e-05
757.580 1.11419e-05
757.640 1.18408e-05
757.700 1.26993e-05
757.760 1.16134e-05
757.820 1.18329e-05
757.880 1.24545e-05
757.940 1.17533e-05
758.000 1.22208e-05
758.060 1.09941e-05
758.120 1.12320e-05
758.180 1.04529e-05
758.240 8.72185e-06
758.300 7.65014e-06
758.360 9.16976e-06
758.420 1.02482e-05
758.480 9.25652e-06
758.540 9.69698e-06
758.600 1.12874e-05
758.660 1.15304e-05
758.720 1.16480e-05
758.780 1.16987e-05
758.840 1.03636e-05
758.900 1.17447e-05
758.960 1.20004e-05
759.020 1.18897e-05
759.080 1.17801e-05
759.140 1.19639e-05
759.200 1.16845e-05
759.260 1.17315e-05
759.320 1.16073e-05
759.380 1.17349e-05
759.440 1.11305e-05
759.500 1.15484e-05
759.560 1.18595e-05
759.620 1.07647e-05
759.680 1.13451e-05
759.740 8.54729e-06
759.800 8.59961e-06
759.860 8.65955e-06
759.920 8.58705e-06
759.980 1.08603e-05
760.040 1.17655e-05
760.100 1.19311e-05
760.160 1.19412e-05
760.220 1.18179e-05
760.280 1.18083e-05
760.340 1.13643e-05
760.400 1.11035e-05
760.460 1.20746e-05
760.520 1.29586e-05
760.580 1.19907e-05
760.640 1.07798e-05
760.700 1.19700e-05
760.760 1.21532e-05
760.820 1.23311e-05
760.880 1.18856e-05
760.940 1.20054e-05
761.000 1.26712e-05
761.060 1.20787e-05
761.120 1.19053e-05
761.180 1.02629e-05
761.240 8.82878e-06
761.300 9.49297e-06
761.360 8.69432e-06
761.420 1.00184e-05
761.480 1.15959e-05
761.540 1.15611e-05
761.600 1.23131e-05
761.660 1.14187e-05
761.720 1.17783e-05
761.780 1.16331e-05
761.840 1.26992e-05
761.900 1.28775e-05
761.960 1.18894e-05
762.020 1.15442e-05
762.080 1.09994e-05
762.140 1.22886e-05
762.200 1.17886e-05
762.260 1.16049e-05
762.320 1.11637e-05
762.380 1.18376e-05
762.440 1.18328e-05
762.500 1.05322e-05
762.560 1.14147e-05
762.620 1.12223e-05
762.680 1.05568e-05
762.740 8.41061e-06
762.800 9.98068e-06
762.860 1.15320e-05
762.920 9.95325e-06
762.980 1.09930e-05
763.040 1.16606e-05
763.100 1.13751e-05
763.160 1.17827e-05
763.220 1.28556e-05
763.280 1.24289e-05
763.340 1.18329e-05
763.400 1.20455e-05
763.460 1.16641e-05
763.520 1.13895e-05
763.580 1.21693e-05
763.640 1.24503e-05
763.700 1.17000e-05
763.760 1.21558e-05
763.820 1.20621e-05
763.880 1.08176e-05
763.940 1.22997e-05
764.000 1.18610e-05
764.060 1.17946e-05
764.120 1.05657e-05
764.180 9.43309e-06
764.240 1.14222e-05
764.300 1.08078e-05
764.360 1.22734e-05
764.420 1.04661e-05
764.480 1.04987e-05
764.540 1.22359e-05
764.600 1.17554e-05
764.660 1.14056e-05
764.720 1.14627e-05
764.780 1.18056e-05
764.840 1.17130e-05
764.900 1.24610e-05
764.960 1.15817e-05
765.020 1.21279e-05
765.080 1.23341e-05
765.140 1.19806e-05
765.200 1.17004e-05
765.260 1.13964e-05
765.320 1.13332e-05
765.380 1.22214e-05
765.440 1.20570e-05
765.500 1.13131e-05
765.560 1.05613e-05
765.620 1.15369e-05
765.680 1.20654e-05
765.740 1.20724e-05
765.800 1.22399e-05
765.860 1.14039e-05
765.920 1.18537e-05
765.980 1.02733e-05
766.040 1.16326e-05
766.100 1.25572e-05
766.160 1.20109e-05
766.220 1.21747e-05
766.280 1.24425e-05
766.340 1.27762e-05
766.400 1.25000e-05
766.460 1.27609e-05
766.520 1.18358e-05
766.580 1.21503e-05
766.640 1.34377e-05
766.700 1.17595e-05
766.760 1.12310e-05
766.820 1.18614e-05
766.880 1.06157e-05
766.940 9.70034e-06
767.000 9.82586e-06
767.060 1.20781e-05
767.120 1.20944e-05
767.180 1.14436e-05
767.240 1.20022e-05
767.300 1.21358e-05
767.360 1.13707e-05
767.420 1.05540e-05
767.480 1.06867e-05
767.540 1.04598e-05
767.600 1.11563e-05
767.660 1.18598e-05
767.720 1.15188e-05
767.780 1.15804e-05
767.840 1.24084e-05
767.900 1.19052e-05
767.960 1.20146e-05
768.020 1.05220e-05
768.080 9.49064e-06
768.140 1.07617e-05
768.200 1.15711e-05
768.260 1.12138e-05
768.320 1.09446e-05
768.380 1.16170e-05
768.440 1.12343e-05
768.500 1.25395e-05
768.560 1.19399e-05
768.620 1.18857e-05
768.680 1.10843e-05
768.740 1.10423e-05
768.800 1.24244e-05
768.860 1.12442e-05
768.920 1.19616e-05
768.980 1.09749e-05
769.040 1.07453e-05
769.100 1.13304e-05
769.160 1.16288e-05
769.220 1.21844e-05
769.280 1.09760e-05
769.340 1.19454e-05
769.400 1.15748e-05
769.460 1.18549e-05
769.520 1.22682e-05
769.580 1.07389e-05
769.640 1.15921e-05
769.700 1.22970e-05
769.760 1.19773e-05
769.820 1.11418e-05
769.880 1.20206e-05
769.940 1.19483e-05
770.000 1.21054e-05
770.060 1.08451e-05
770.120 1.18557e-05
770.180 1.14438e-05
770.240 1.14874e-05
770.300 1.29740e-05
770.360 1.05386e-05
770.420 1.24697e-05
770.480 1.23955e-05
770.540 1.17382e-05
770.600 1.19037e-05
770.660 1.24786e-05
770.720 1.16437e-05
770.780 1.07303e-05
770.840 1.19304e-05
770.900 1.21101e-05
770.960 1.18129e-05
771.020 1.15214e-05
771.080 1.17574e-05
771.140 1.12812e-05
771.200 1.06008e-05
771.260 1.14276e-05
771.320 1.09628e-05
771.380 1.17397e-05
771.440 1.16145e-05
771.500 1.20843e-05
771.560 1.26030e-05
771.620 1.15036e-05
771.680 1.30068e-05
771.740 1.19339e-05
771.800 1.22967e-05
771.860 1.16627e-05
771.920 1.21967e-05
771.980 1.21588e-05
772.040 1.20605e-05
772.100 1.24953e-05
772.160 1.12946e-05
772.220 1.14693e-05
772.280 1.17150e-05
772.340 1.18582e-05
772.400 1.15325e-05
772.460 1.15991e-05
772.520 1.13737e-05
772.580 1.19496e-05
772.640 1.17766e-05
772.700 1.12973e-05
772.760 1.23893e-05
772.820 1.21167e-05
772.880 1.17553e-05
772.940 1.26550e-05
773.000 1.23064e-05
773.060 1.26509e-05
773.120 1.15428e-05
773.180 1.16905e-05
773.240 1.13111e-05
773.300 1.22976e-05
773.360 1.11193e-05
773.420 1.05151e-05
773.480 1.15737e-05
773.540 8.54247e-06
773.600 9.44779e-06
773.660 9.63849e-06
773.720 1.14166e-05
773.780 1.07367e-05
773.840 1.07124e-05
773.900 1.28570e-05
773.960 1.17490e-05
774.020 1.17743e-05
774.080 1.10782e-05
774.140 1.22869e-05
774.200 1.21289e-05
774.260 1.13004e-05
774.320 1.22972e-05
774.380 1.22905e-05
774.440 1.21327e-05
774.500 1.15947e-05
774.560 1.18360e-05
774.620 1.15688e-05
774.680 1.13191e-05
774.740 1.07396e-05
774.800 1.13041e-05
774.860 1.10163e-05
774.920 9.47919e-06
774.980 9.50387e-06
775.040 1.00379e-05
775.100 9.72258e-06
775.160 9.54780e-06
775.220 1.17331e-05
775.280 1.10039e-05
775.340 1.06288e-05
775.400 1.09578e-05
775.460 1.22048e-05
775.520 1.14162e-05
775.580 1.12272e-05
775.640 1.21393e-05
775.700 1.15548e-05
775.760 1.33386e-05
775.820 1.12253e-05
775.880 1.07430e-05
775.940 1.12942e-05
776.000 1.14903e-05
776.060 1.31964e-05
776.120 1.27602e-05
776.180 1.22806e-05
776.240 1.18338e-05
776.300 1.23801e-05
776.360 1.25520e-05
776.420 1.24210e-05
776.480 1.20732e-05
776.540 1.09569e-05
776.600 1.20354e-05
776.660 1.11428e-05
776.720 1.10365e-05
776.780 1.20746e-05
776.840 1.23889e-05
776.900 1.12777e-05
776.960 1.19256e-05
777.020 1.28402e-05
777.080 1.14547e-05
777.140 1.21678e-05
777.200 1.06477e-05
777.260 9.71555e-06
777.320 9.73311e-06
777.380 1.05191e-05
777.440 1.10540e-05
777.500 1.11080e-05
777.560 1.14567e-05
777.620 1.28276e-05
777.680 1.27112e-05
777.740 1.23136e-05
777.800 1.16516e-05
777.860 1.18156e-05
777.920 1.23727e-05
777.980 1.22912e-05
778.040 1.18916e-05
778.100 1.04557e-05
778.160 1.25034e-05
778.220 1.11213e-05
778.280 1.17696e-05
778.340 1.14846e-05
778.400 1.10770e-05
778.460 1.09301e-05
778.520 1.10799e-05
778.580 1.30119e-05
778.640 1.19676e-05
778.700 1.24854e-05
778.760 1.12796e-05
778.820 1.23412e-05
778.880 1.23392e-05
778.940 1.09051e-05
779.000 1.21689e-05
779.060 1.23662e-05
779.120 1.19277e-05
779.180 1.19135e-05
779.240 1.18928e-05
779.300 1.17553e-05
779.360 1.16102e-05
779.420 1.18835e-05
779.480 1.22416e-05
779.540 1.20950e-05
779.600 1.25315e-05
779.660 1.25389e-05
779.720 1.22956e-05
779.780 1.19278e-05
779.840 1.09822e-05
779.900 1.16067e-05
779.960 1.21879e-05
780.020 1.14786e-05
780.080 1.15256e-05
780.140 1.22307e-05
780.200 1.13648e-05
780.260 1.11754e-05
780.320 1.20987e-05
780.380 1.15910e-05
780.440 1.16743e-05
780.500 1.21170e-05
780.560 1.15744e-05
780.620 1.08338e-05
780.680 1.13786e-05
780.740 1.15071e-05
780.800 1.08386e-05
780.860 1.12516e-05
780.920 1.24093e-05
780.980 1.14179e-05
781.040 1.17994e-05
781.100 1.15193e-05
781.160 1.16218e-05
781.220 1.23712e-05
781.280 1.10340e-05
781.340 1.24774e-05
781.400 1.22479e-05
781.460 1.22780e-05
781.520 1.23153e-05
781.580 1.14550e-05
781.640 1.07641e-05
781.700 1.09057e-05
781.760 1.22755e-05
781.820 1.24741e-05
781.880 1.19854e-05
781.940 1.17290e-05
782.000 1.14894e-05
782.060 1.11561e-05
782.120 1.03930e-05
782.180 1.13681e-05
782.240 1.11056e-05
782.300 1.05491e-05
782.360 1.05633e-05
782.420 7.43708e-06
782.480 9.28016e-06
782.540 9.75897e-06
782.600 9.85729e-06
782.660 1.06593e-05
782.720 1.04004e-05
782.780 1.14234e-05
782.840 1.11246e-05
782.900 1.07321e-05
782.960 1.07140e-05
783.020 1.12127e-05
783.080 1.04885e-05
783.140 1.19622e-05
783.200 1.15046e-05
783.260 1.18958e-05
783.320 1.21284e-05
783.380 1.13347e-05
783.440 1.24638e-05
783.500 1.15952e-05
783.560 1.17273e-05
783.620 1.19781e-05
783.680 1.19832e-05
783.740 1.14903e-05
783.800 1.19649e-05
783.860 1.11388e-05
783.920 1.14084e-05
783.980 1.26660e-05
784.040 1.21799e-05
784.100 1.13339e-05
784.160 1.12259e-05
784.220 1.27060e-05
784.280 1.17298e-05
784.340 1.18779e-05
784.400 1.24247e-05
784.460 1.10346e-05
784.520 1.09526e-05
784.580 1.23941e-05
784.640 1.25434e-05
784.700 1.17938e-05
784.760 1.17161e-05
784.820 1.27054e-05
784.880 1.26269e-05
784.940 1.22283e-05
785.000 1.17660e-05
785.060 1.25851e-05
785.120 1.25524e-05
785.180 1.16656e-05
785.240 1.12125e-05
785.300 1.17210e-05
785.360 1.26825e-05
785.420 1.14162e-05
785.480 1.23989e-05
785.540 1.17605e-05
785.600 1.24051e-05
785.660 1.22150e-05
785.720 1.13554e-05
785.780 1.16235e-05
785.840 1.17487e-05
785.900 1.18275e-05
785.960 1.21375e-05
786.020 1.20842e-05
786.080 1.18230e-05
786.140 1.17436e-05
786.200 1.13946e-05
786.260 1.19016e-05
786.320 1.06292e-05
786.380 1.12023e-05
786.440 1.18455e-05
786.500 1.15912e-05
786.560 1.16614e-05
786.620 1.21069e-05
786.680 1.18054e-05
786.740 1.29298e-05
786.800 1.23362e-05
786.860 1.16390e-05
786.920 1.17625e-05
786.980 1.28580e-05
787.040 1.31790e-05
787.100 1.14391e-05
787.160 1.17140e-05
787.220 1.21515e-05
787.280 1.24489e-05
787.340 1.12112e-05
787.400 1.22995e-05
787.460 1.19040e-05
787.520 1.23312e-05
787.580 1.29279e-05
787.640 1.12905e-05
787.700 1.22880e-05
787.760 1.10461e-05
787.820 1.08031e-05
787.880 1.19019e-05
787.940 1.11312e-05
788.000 1.22140e-05
788.060 1.23528e-05
788.120 1.17456e-05
788.180 1.16476e-05
788.240 1.21046e-05
788.300 1.08017e-05
788.360 1.16597e-05
788.420 1.28363e-05
788.480 1.11866e-05
788.540 1.18664e-05
788.600 1.24014e-05
788.660 1.16948e-05
788.720 1.09474e-05
788.780 1.18692e-05
788.840 1.30984e-05
788.900 1.22435e-05
788.960 1.17257e-05
789.020 1.32784e-05
789.080 1.15213e-05
789.140 1.16747e-05
789.200 1.04985e-05
789.260 1.06086e-05
789.320 1.16458e-05
789.380 1.14165e-05
789.440 1.03679e-05
789.500 7.46793e-06
789.560 7.85719e-06
789.620 8.03005e-06
789.680 9.97560e-06
789.740 8.42156e-06
789.800 8.70840e-06
789.860 8.70449e-06
789.920 9.18062e-06
789.980 1.02968e-05
790.040 9.10207e-06
790.100 8.95873e-06
790.160 9.69620e-06
790.220 1.17142e-05
790.280 1.00068e-05
790.340 1.03137e-05
790.400 1.04835e-05
790.460 1.03218e-05
790.520 1.17568e-05
790.580 1.16844e-05
790.640 1.10316e-05
790.700 1.05283e-05
790.760 1.12381e-05
790.820 1.08937e-05
790.880 1.08561e-05
790.940 1.27547e-05
791.000 1.29693e-05
791.060 1.19737e-05
791.120 1.13818e-05
791.180 1.14940e-05
791.240 1.16432e-05
791.300 1.23042e-05
791.360 1.09464e-05
791.420 1.06740e-05
791.480 1.17546e-05
791.540 1.17147e-05
791.600 1.22937e-05
791.660 1.02261e-05
791.720 1.11412e-05
791.780 1.06375e-05
791.840 8.88203e-06
791.900 9.82004e-06
791.960 1.00837e-05
792.020 1.07896e-05
792.080 1.10370e-05
792.140 1.18059e-05
792.200 1.19656e-05
792.260 1.14903e-05
792.320 1.17169e-05
792.380 1.16914e-05
792.440 1.14050e-05
792.500 1.19812e-05
792.560 1.18741e-05
792.620 1.23637e-05
792.680 1.02542e-05
792.740 1.02541e-05
792.800 1.22719e-05
792.860 1.13700e-05
792.920 1.22955e-05
792.980 1.17231e-05
793.040 1.27666e-05
793.100 1.26536e-05
793.160 1.06452e-05
793.220 1.12153e-05
793.280 1.16132e-05
793.340 1.11722e-05
793.400 1.07318e-05
793.460 1.09422e-05
793.520 1.20196e-05
793.580 1.14274e-05
793.640 1.04476e-05
793.700 9.19518e-06
793.760 8.87520e-06
793.820 9.94732e-06
793.880 7.32454e-06
793.940 8.32281e-06
794.000 9.78101e-06
794.060 9.08443e-06
794.120 9.70411e-06
794.180 1.05733e-05
794.240 1.02617e-05
794.300 1.03108e-05
794.360 1.22885e-05
794.420 1.22880e-05
794.480 1.15027e-05
794.540 1.18914e-05
794.600 1.16062e-05
794.660 1.09674e-05
794.720 1.13002e-05
794.780 1.01483e-05
794.840 1.13755e-05
794.900 1.01834e-05
794.960 1.03696e-05
795.020 1.23257e-05
795.080 1.07606e-05
795.140 1.16857e-05
795.200 1.14257e-05
795.260 1.16200e-05
795.320 1.18048e-05
795.380 1.04589e-05
795.440 1.10878e-05
795.500 1.10128e-05
795.560 1.06824e-05
795.620 1.13170e-05
795.680 1.12873e-05
795.740 1.16626e-05
795.800 1.04312e-05
795.860 1.05287e-05
795.920 1.11392e-05
795.980 1.09142e-05
796.040 1.15160e-05
796.100 1.24402e-05
796.160 1.07855e-05
796.220 1.01288e-05
796.280 1.16564e-05
796.340 1.01119e-05
796.400 9.37232e-06
796.460 8.44094e-06
796.520 8.70262e-06
796.580 8.56561e-06
796.640 8.73082e-06
796.700 9.34244e-06
796.760 8.49824e-06
796.820 1.01171e-05
796.880 9.85673e-06
796.940 1.07481e-05
797.000 1.06866e-05
797.060 8.61020e-06
797.120 1.10486e-05
797.180 1.19102e-05
797.240 1.17950e-05
797.300 1.11441e-05
797.360 1.15828e-05
797.420 1.18576e-05
797.480 1.30712e-05
797.540 1.18763e-05
797.600 1.14163e-05
797.660 1.14670e-05
797.720 1.03152e-05
797.780 1.33072e-05
797.840 1.18302e-05
797.900 1.26578e-05
797.960 1.07691e-05
798.020 1.05636e-05
798.080 1.23657e-05
798.140 1.23672e-05
798.200 1.24825e-05
798.260 1.23121e-05
798.320 1.20214e-05
798.380 1.01332e-05
798.440 1.20680e-05
798.500 1.07453e-05
798.560 1.08950e-05
798.620 1.09165e-05
798.680 1.11657e-05
798.740 1.27144e-05
798.800 1.19081e-05
798.860 1.21348e-05
798.920 1.12559e-05
798.980 1.14993e-05
799.040 1.15672e-05
799.100 1.21121e-05
799.160 1.26452e-05
799.220 1.16657e-05
799.280 1.22123e-05
799.340 1.10847e-05
799.400 9.98536e-06
799.460 1.13174e-05
799.520 1.14524e-05
799.580 1.12098e-05
799.640 9.95947e-06
799.700 1.17662e-05
799.760 1.18024e-05
799.820 1.13774e-05
799.880 1.27390e-05
799.940 1.16572e-05
800.000 1.14741e-05
800.060 1.03411e-05
800.120 1.29797e-05
800.180 1.24039e-05
800.240 1.18285e-05
800.300 1.17690e-05
800.360 1.19051e-05
800.420 1.08408e-05
800.480 1.07653e-05
800.540 1.22087e-05
800.600 1.05280e-05
800.660 1.19002e-05
800.720 1.14408e-05
800.780 1.20712e-05
800.840 1.06316e-05
800.900 1.08452e-05
800.960 9.70447e-06
801.020 9.06370e-06
801.080 1.04316e-05
801.140 9.74132e-06
801.200 1.06857e-05
801.260 1.06705e-05
801.320 1.07839e-05
801.380 1.15139e-05
801.440 9.68711e-06
801.500 8.43778e-06
801.560 9.51659e-06
801.620 9.92152e-06
801.680 1.12594e-05
801.740 1.13535e-05
801.800 1.23403e-05
801.860 1.17621e-05
801.920 1.04379e-05
801.980 1.14469e-05
802.040 1.18426e-05
802.100 1.16466e-05
802.160 1.22242e-05
802.220 1.12666e-05
802.280 1.00807e-05
802.340 1.18098e-05
802.400 1.11928e-05
802.460 1.11432e-05
802.520 1.12700e-05
802.580 1.14675e-05
802.640 1.12589e-05
802.700 9.54562e-06
802.760 1.13294e-05
802.820 9.83954e-06
802.880 1.02085e-05
802.940 1.07146e-05
803.000 1.10977e-05
803.060 1.06012e-05
803.120 1.07740e-05
803.180 1.24461e-05
803.240 1.10503e-05
803.300 1.14830e-05
803.360 1.08789e-05
803.420 1.23484e-05
803.480 1.18601e-05
803.540 1.17537e-05
803.600 1.06203e-05
803.660 1.06360e-05
803.720 1.29400e-05
803.780 1.10724e-05
803.840 1.19312e-05
803.900 1.22243e-05
803.960 1.11149e-05
804.020 1.18422e-05
804.080 1.12080e-05
804.140 1.13499e-05
804.200 9.86735e-06
804.260 1.12341e-05
804.320 1.14752e-05
804.380 1.12116e-05
804.440 1.16131e-05
804.500 1.02800e-05
804.560 1.24685e-05
804.620 1.13320e-05
804.680 1.19787e-05
804.740 1.13268e-05
804.800 1.08514e-05
804.860 1.17484e-05
804.920 1.09599e-05
804.980 1.21623e-05
805.040 1.13443e-05
805.100 1.06985e-05
805.160 1.15683e-05
805.220 1.16315e-05
805.280 1.23936e-05
805.340 1.10632e-05
805.400 1.14150e-05
805.460 1.10538e-05
805.520 1.22538e-05
805.580 1.22031e-05
805.640 9.38825e-06
805.700 1.22996e-05
805.760 1.03999e-05
805.820 9.74299e-06
805.880 1.09991e-05
805.940 1.02746e-05
806.000 1.05822e-05
806.060 1.03175e-05
806.120 1.10457e-05
806.180 1.00869e-05
806.240 1.00801e-05
806.300 1.14585e-05
806.360 1.19877e-05
806.420 1.24768e-05
806.480 1.10968e-05
806.540 1.05394e-05
806.600 1.02799e-05
806.660 1.17243e-05
806.720 1.05800e-05
806.780 1.16414e-05
806.840 1.12555e-05
806.900 1.22142e-05
806.960 1.52596e-05
807.020 1.08981e-05
807.080 1.15239e-05
807.140 1.09792e-05
807.200 1.16356e-05
807.260 1.15508e-05
807.320 9.42059e-06
807.380 1.09787e-05
807.440 1.10492e-05
807.500 1.05080e-05
807.560 1.18272e-05
807.620 1.20216e-05
807.680 1.17530e-05
807.740 1.14191e-05
807.800 1.14247e-05
807.860 1.17344e-05
807.920 1.16018e-05
807.980 1.08301e-05
808.040 1.13793e-05
808.100 1.20525e-05
808.160 1.05751e-05
808.220 1.17725e-05
808.280 1.18126e-05
808.340 1.13369e-05
808.400 1.15427e-05
808.460 1.17908e-05
808.520 1.10048e-05
808.580 1.07284e-05
808.640 1.11579e-05
808.700 1.20579e-05
808.760 1.06536e-05
808.820 1.16419e-05
808.880 1.19592e-05
808.940 1.03278e-05
809.000 1.16795e-05
809.060 1.19118e-05
809.120 1.25072e-05
809.180 1.03124e-05
809.240 1.09331e-05
809.300 1.22755e-05
809.360 1.13716e-05
809.420 1.20312e-05
809.480 1.09140e-05
809.540 1.10288e-05
809.600 1.16088e-05
809.660 1.04311e-05
809.720 1.10106e-05
809.780 1.15554e-05
809.840 1.21978e-05
809.900 1.15351e-05
809.960 1.12227e-05
810.020 1.17545e-05
810.080 1.16561e-05
810.140 1.10546e-05
810.200 1.09713e-05
810.260 1.10267e-05
810.320 1.10526e-05
810.380 1.07579e-05
810.440 1.00513e-05
810.500 9.94539e-06
810.560 1.18350e-05
810.620 1.17916e-05
810.680 1.14064e-05
810.740 1.18134e-05
810.800 1.09955e-05
810.860 1.40358e-05
810.920 1.17431e-05
810.980 1.08133e-05
811.040 1.14444e-05
811.100 1.29599e-05
811.160 1.18110e-05
811.220 1.14865e-05
811.280 1.18824e-05
811.340 1.15380e-05
811.400 1.17206e-05
811.460 1.05239e-05
811.520 1.21202e-05
811.580 1.10755e-05
811.640 1.24325e-05
811.700 9.25560e-06
811.760 1.19061e-05
811.820 1.26210e-05
811.880 1.01001e-05
811.940 9.32357e-06
812.000 9.86401e-06
812.060 1.15558e-05
812.120 1.19500e-05
812.180 1.22495e-05
812.240 9.06706e-06
812.300 1.14715e-05
812.360 1.05931e-05
812.420 1.11296e-05
812.480 9.97495e-06
812.540 9.63543e-06
812.600 1.10749e-05
812.660 1.02121e-05
812.720 1.16522e-05
812.780 1.13662e-05
812.840 1.17351e-05
812.900 1.16117e-05
812.960 1.26211e-05
813.020 1.15211e-05
813.080 1.18244e-05
813.140 1.15486e-05
813.200 1.08828e-05
813.260 1.15245e-05
813.320 1.07808e-05
813.380 1.20933e-05
813.440 1.14043e-05
813.500 1.18437e-05
813.560 1.17227e-05
813.620 1.15313e-05
813.680 1.19154e-05
813.740 1.14645e-05
813.800 1.12357e-05
813.860 1.20451e-05
813.920 1.00749e-05
813.980 1.14098e-05
814.040 1.21818e-05
814.100 1.02254e-05
814.160 1.19897e-05
814.220 1.10873e-05
814.280 1.19571e-05
814.340 8.91058e-06
814.400 9.80899e-06
814.460 1.13619e-05
814.520 1.21924e-05
814.580 1.17842e-05
814.640 1.11973e-05
814.700 1.32164e-05
814.760 1.14819e-05
814.820 1.19210e-05
814.880 1.10949e-05
814.940 1.14968e-05
815.000 1.29047e-05
815.060 1.12440e-05
815.120 1.00485e-05
815.180 1.24224e-05
815.240 1.06753e-05
815.300 1.19709e-05
815.360 1.25105e-05
815.420 1.20674e-05
815.480 1.18972e-05
815.540 1.06190e-05
815.600 1.26788e-05
815.660 1.22844e-05
815.720 1.27131e-05
815.780 1.16843e-05
815.840 1.13714e-05
815.900 1.15290e-05
815.960 1.22131e-05
816.020 1.25084e-05
816.080 1.09268e-05
816.140 1.07169e-05
816.200 1.24539e-05
816.260 1.26076e-05
816.320 1.24267e-05
816.380 1.08956e-05
816.440 1.13767e-05
816.500 1.21704e-05
816.560 1.19209e-05
816.620 1.20066e-05
816.680 1.07344e-05
816.740 1.22940e-05
816.800 1.13530e-05
816.860 1.06379e-05
816.920 1.17390e-05
816.980 1.24384e-05
817.040 1.11136e-05
817.100 1.20402e-05
817.160 1.21740e-05
817.220 1.26803e-05
817.280 1.22232e-05
817.340 9.78071e-06
817.400 1.06767e-05
817.460 1.12960e-05
817.520 1.20744e-05
817.580 1.13694e-05
817.640 1.06858e-05
817.700 1.10176e-05
817.760 1.05217e-05
817.820 9.90510e-06
817.880 1.13523e-05
817.940 1.14577e-05
818.000 1.08912e-05
818.060 1.10468e-05
818.120 1.29472e-05
818.180 1.22167e-05
818.240 1.12667e-05
818.300 1.16533e-05
818.360 1.18634e-05
818.420 1.06366e-05
818.480 1.03120e-05
818.540 1.23625e-05
818.600 1.09970e-05
818.660 1.17883e-05
818.720 1.23567e-05
818.780 1.18522e-05
818.840 1.25796e-05
818.900 1.24448e-05
818.960 1.11803e-05
819.020 1.22481e-05
819.080 1.08494e-05
819.140 1.09830e-05
819.200 1.08134e-05
819.260 9.78304e-06
819.320 1.07330e-05
819.380 1.05040e-05
819.440 1.19572e-05
819.500 1.09248e-05
819.560 1.11581e-05
819.620 1.16783e-05
819.680 1.10342e-05
819.740 1.14944e-05
819.800 1.29228e-05
819.860 1.17830e-05
819.920 1.04080e-05
819.980 1.06995e-05
820.040 1.08100e-05
820.100 1.13452e-05
820.160 1.20696e-05
820.220 1.18194e-05
820.280 1.11818e-05
820.340 1.01444e-05
820.400 1.15113e-05
820.460 1.24272e-05
820.520 1.11208e-05
820.580 1.13989e-05
820.640 1.26582e-05
820.700 1.31674e-05
820.760 1.05724e-05
820.820 1.13253e-05
820.880 1.08493e-05
820.940 1.10258e-05
821.000 1.22866e-05
821.060 1.23413e-05
821.120 1.13688e-05
821.180 1.03592e-05
821.240 1.15770e-05
821.300 9.96642e-06
821.360 9.66608e-06
821.420 1.08727e-05
821.480 1.04752e-05
821.540 1.02280e-05
821.600 1.11062e-05
821.660 1.28838e-05
821.720 1.19477e-05
821.780 1.09874e-05
821.840 1.21517e-05
821.900 1.04732e-05
821.960 1.05200e-05
822.020 1.22521e-05
822.080 1.09407e-05
822.140 1.11974e-05
822.200 1.24176e-05
822.260 1.08669e-05
822.320 1.14487e-05
822.380 1.06040e-05
822.440 1.02447e-05
822.500 1.08288e-05
822.560 1.15538e-05
822.620 1.18960e-05
822.680 1.09273e-05
822.740 1.08111e-05
822.800 1.12639e-05
822.860 1.13812e-05
822.920 1.09538e-05
822.980 1.16168e-05
823.040 1.01825e-05
823.100 1.02750e-05
823.160 9.55368e-06
823.220 1.01161e-05
823.280 1.12730e-05
823.340 1.07442e-05
823.400 1.12030e-05
823.460 1.11460e-05
823.520 1.16105e-05
823.580 1.17128e-05
823.640 1.10035e-05
823.700 1.23938e-05
823.760 1.17507e-05
823.820 1.00254e-05
823.880 1.08800e-05
823.940 1.10654e-05
824.000 1.22612e-05
824.060 1.23781e-05
824.120 1.14021e-05
824.180 1.16403e-05
824.240 1.18948e-05
824.300 1.22751e-05
824.360 1.10815e-05
824.420 1.16317e-05
824.480 1.26957e-05
824.540 1.12579e-05
824.600 1.10756e-05
824.660 1.11165e-05
824.720 1.28618e-05
824.780 1.23225e-05
824.840 1.08719e-05
824.900 1.07014e-05
824.960 1.11073e-05
825.020 1.14389e-05
825.080 1.04647e-05
825.140 1.03190e-05
825.200 1.25890e-05
825.260 1.19107e-05
825.320 9.95189e-06
825.380 1.19790e-05
825.440 1.23275e-05
825.500 1.19413e-05
825.560 1.09960e-05
825.620 8.98299e-06
825.680 8.89755e-06
825.740 1.05340e-05
825.800 1.02826e-05
825.860 1.10086e-05
825.920 1.03078e-05
825.980 1.05232e-05
826.040 1.26215e-05
826.100 1.16448e-05
826.160 1.28295e-05
826.220 1.18571e-05
826.280 1.04164e-05
826.340 1.20636e-05
826.400 1.06644e-05
826.460 1.27653e-05
826.520 1.27793e-05
826.580 1.06928e-05
826.640 1.20968e-05
826.700 1.16677e-05
826.760 1.08542e-05
826.820 1.12176e-05
826.880 1.27112e-05
826.940 1.12697e-05
827.000 1.16740e-05
827.060 1.06562e-05
827.120 1.05164e-05
827.180 1.11815e-05
827.240 1.09781e-05
827.300 1.03883e-05
827.360 9.99072e-06
827.420 1.31395e-05
827.480 1.11217e-05
827.540 1.06825e-05
827.600 1.11955e-05
827.660 1.18939e-05
827.720 1.17385e-05
827.780 1.00770e-05
827.840 1.20682e-05
827.900 1.16278e-05
827.960 1.11265e-05
828.020 1.03705e-05
828.080 1.05887e-05
828.140 1.23851e-05
828.200 1.05687e-05
828.260 1.07273e-05
828.320 1.07224e-05
828.380 1.06666e-05
828.440 1.10333e-05
828.500 1.26602e-05
828.560 1.19482e-05
828.620 1.13653e-05
828.680 1.21052e-05
828.740 8.47312e-06
828.800 1.09715e-05
828.860 1.12229e-05
828.920 1.18516e-05
828.980 1.05295e-05
829.040 1.11515e-05
829.100 1.20589e-05
829.160 1.16692e-05
829.220 1.19139e-05
829.280 9.40537e-06
829.340 1.20592e-05
829.400 1.05695e-05
829.460 1.18834e-05
829.520 1.20978e-05
829.580 1.00877e-05
829.640 1.04768e-05
829.700 1.19941e-05
829.760 1.21179e-05
829.820 1.09971e-05
829.880 1.06725e-05
829.940 1.08240e-05
830.000 1.08471e-05
830.060 1.17686e-05
830.120 1.20849e-05
830.180 1.10132e-05
830.240 1.09136e-05
830.300 1.25105e-05
830.360 1.15287e-05
830.420 9.09210e-06
830.480 1.10866e-05
830.540 1.02053e-05
830.600 1.23622e-05
830.660 1.24812e-05
830.720 1.25231e-05
830.780 1.17968e-05
830.840 1.04632e-05
830.900 1.13451e-05
830.960 1.18829e-05
831.020 1.25696e-05
831.080 1.20503e-05
831.140 1.22966e-05
831.200 9.74295e-06
831.260 1.13042e-05
831.320 1.14320e-05
831.380 7.85084e-06
831.440 1.01194e-05
831.500 1.22648e-05
831.560 1.06214e-05
831.620 1.20767e-05
831.680 1.08452e-05
831.740 1.13665e-05
831.800 1.16092e-05
831.860 1.12202e-05
831.920 1.12991e-05
831.980 9.76212e-06
832.040 1.18112e-05
832.100 1.10542e-05
832.160 1.27244e-05
832.220 1.09638e-05
832.280 1.16752e-05
832.340 1.22628e-05
832.400 9.16263e-06
832.460 1.07394e-05
832.520 1.13138e-05
832.580 1.18855e-05
832.640 1.04406e-05
832.700 1.13720e-05
832.760 1.26122e-05
832.820 1.19779e-05
832.880 1.15131e-05
832.940 9.18722e-06
833.000 1.08922e-05
833.060 9.35907e-06
833.120 9.64827e-06
833.180 1.12408e-05
833.240 1.06966e-05
833.300 1.15049e-05
833.360 8.50915e-06
833.420 1.02867e-05
833.480 1.06593e-05
833.540 1.17508e-05
833.600 1.09739e-05
833.660 1.25766e-05
833.720 1.23786e-05
833.780 1.04047e-05
833.840 1.11889e-05
833.900 8.99922e-06
833.960 1.04295e-05
834.020 1.11276e-05
834.080 1.24860e-05
834.140 1.28964e-05
834.200 1.26451e-05
834.260 1.11763e-05
834.320 1.09410e-05
834.380 1.07152e-05
834.440 1.13531e-05
834.500 1.06138e-05
834.560 1.12156e-05
834.620 1.04246e-05
834.680 1.09055e-05
834.740 1.32323e-05
834.800 1.18557e-05
834.860 1.28673e-05
834.920 1.17172e-05
834.980 1.16787e-05
835.040 1.03133e-05
835.100 1.05757e-05
835.160 1.10505e-05
835.220 1.10916e-05
835.280 1.03255e-05
835.340 9.23483e-06
835.400 1.20481e-05
835.460 1.15146e-05
835.520 1.10536e-05
835.580 1.10120e-05
835.640 1.18514e-05
835.700 1.29032e-05
835.760 1.13763e-05
835.820 1.10712e-05
835.880 1.08229e-05
835.940 1.09935e-05
836.000 1.10324e-05
836.060 1.01844e-05
836.120 1.09686e-05
836.180 1.09226e-05
836.240 1.17960e-05
836.300 1.04483e-05
836.360 1.06913e-05
836.420 1.28917e-05
836.480 1.20074e-05
836.540 1.20592e-05
836.600 1.10208e-05
836.660 1.21586e-05
836.720 1.07478e-05
836.780 1.12985e-05
836.840 1.18660e-05
836.900 1.09175e-05
836.960 1.06065e-05
837.020 1.03307e-05
837.080 1.11832e-05
837.140 1.08975e-05
837.200 1.11143e-05
837.260 1.06651e-05
837.320 1.15755e-05
837.380 1.02530e-05
837.440 1.11362e-05
837.500 1.14980e-05
837.560 1.05320e-05
837.620 1.10480e-05
837.680 1.08152e-05
837.740 1.11645e-05
837.800 1.07145e-05
837.860 9.38060e-06
837.920 9.06004e-06
837.980 9.45733e-06
838.040 9.09310e-06
838.100 1.04108e-05
838.160 1.14891e-05
838.220 9.44483e-06
838.280 1.04518e-05
838.340 1.08218e-05
838.400 1.01884e-05
838.460 1.06031e-05
838.520 1.04930e-05
838.580 1.06761e-05
838.640 9.10502e-06
838.700 1.02990e-05
838.760 1.10451e-05
838.820 1.06415e-05
838.880 1.15584e-05
838.940 1.07393e-05
839.000 1.07175e-05
839.060 1.08664e-05
839.120 1.08190e-05
839.180 1.10758e-05
839.240 1.07848e-05
839.300 1.16958e-05
839.360 1.07475e-05
839.420 1.06503e-05
839.480 1.06753e-05
839.540 1.20054e-05
839.600 1.13909e-05
839.660 1.10360e-05
839.720 1.13394e-05
839.780 1.03573e-05
839.840 1.12596e-05
839.900 1.04756e-05
839.960 1.05057e-05
840.020 1.11449e-05
840.080 1.15320e-05
840.140 1.12062e-05
840.200 1.00396e-05
840.260 1.11604e-05
840.320 1.21077e-05
840.380 1.13056e-05
840.440 1.20606e-05
840.500 9.18669e-06
840.560 9.43642e-06
840.620 1.03179e-05
840.680 1.09042e-05
840.740 1.17073e-05
840.800 1.15724e-05
840.860 1.12657e-05
840.920 9.45334e-06
840.980 1.04843e-05
841.040 1.17966e-05
841.100 1.04665e-05
841.160 9.87793e-06
841.220 1.15625e-05
841.280 1.14079e-05
841.340 1.18836e-05
841.400 1.13732e-05
841.460 1.18195e-05
841.520 1.14270e-05
841.580 1.14752e-05
841.640 1.12847e-05
841.700 1.07375e-05
841.760 1.05209e-05
841.820 1.00539e-05
841.880 1.17126e-05
841.940 1.14402e-05
842.000 1.14278e-05
842.060 1.13246e-05
842.120 1.15186e-05
842.180 1.25124e-05
842.240 1.14423e-05
842.300 1.05720e-05
842.360 9.33752e-06
842.420 1.03021e-05
842.480 1.13952e-05
842.540 1.23697e-05
842.600 1.13825e-05
842.660 1.00939e-05
842.720 1.21846e-05
842.780 1.04306e-05
842.840 1.16461e-05
842.900 1.12825e-05
842.960 1.04721e-05
843.020 9.72669e-06
843.080 1.08157e-05
843.140 1.13189e-05
843.200 1.09891e-05
843.260 1.18617e-05
843.320 1.04714e-05
843.380 1.24981e-05
843.440 1.04654e-05
843.500 1.06754e-05
843.560 1.23006e-05
843.620 1.06600e-05
843.680 1.09893e-05
843.740 1.15396e-05
843.800 1.05032e-05
843.860 1.23121e-05
843.920 1.16960e-05
843.980 1.05064e-05
844.040 1.07169e-05
844.100 1.13244e-05
844.160 1.22759e-05
844.220 1.07471e-05
844.280 1.07801e-05
844.340 1.09186e-05
844.400 1.13104e-05
844.460 1.11463e-05
844.520 1.11961e-05
844.580 1.09929e-05
844.640 1.21960e-05
844.700 1.22818e-05
844.760 1.12034e-05
844.820 1.10622e-05
844.880 1.12641e-05
844.940 1.05464e-05
845.000 1.05174e-05
845.060 1.19007e-05
845.120 1.19061e-05
845.180 1.18355e-05
845.240 1.19464e-05
845.300 1.15545e-05
845.360 1.08386e-05
845.420 1.03711e-05
845.480 1.11313e-05
845.540 1.19016e-05
845.600 1.11731e-05
845.660 1.08066e-05
845.720 1.13004e-05
845.780 1.03860e-05
845.840 1.01459e-05
845.900 1.20381e-05
845.960 9.82108e-06
846.020 9.81546e-06
846.080 1.11103e-05
846.140 1.07230e-05
846.200 1.17420e-05
846.260 1.18892e-05
846.320 1.08436e-05
846.380 1.08624e-05
846.440 1.18153e-05
846.500 1.06393e-05
846.560 1.06269e-05
846.620 1.11936e-05
846.680 1.05759e-05
846.740 1.15295e-05
846.800 1.08112e-05
846.860 1.23308e-05
846.920 1.13993e-05
846.980 1.01371e-05
847.040 1.22640e-05
847.100 1.12202e-05
847.160 1.18797e-05
847.220 9.07050e-06
847.280 1.20785e-05
847.340 1.18246e-05
847.400 9.37961e-06
847.460 1.11281e-05
847.520 8.94970e-06
847.580 8.36726e-06
847.640 9.96132e-06
847.700 1.14466e-05
847.760 1.01074e-05
847.820 1.15981e-05
847.880 1.10068e-05
847.940 1.12691e-05
848.000 1.15011e-05
848.060 9.43108e-06
848.120 1.07462e-05
848.180 1.17647e-05
848.240 1.17545e-05
848.300 1.23679e-05
848.360 9.97763e-06
848.420 1.01434e-05
848.480 1.13131e-05
848.540 1.07808e-05
848.600 1.09260e-05
848.660 1.06177e-05
848.720 1.11149e-05
848.780 9.50170e-06
848.840 1.05099e-05
848.900 9.60580e-06
848.960 9.70743e-06
849.020 1.07785e-05
849.080 1.10829e-05
849.140 1.10319e-05
849.200 1.03221e-05
849.260 1.04743e-05
849.320 1.00810e-05
849.380 1.10125e-05
849.440 1.11357e-05
849.500 1.13374e-05
849.560 9.70716e-06
849.620 1.11837e-05
849.680 1.04388e-05
849.740 9.51962e-06
849.800 1.00725e-05
849.860 9.14333e-06
849.920 1.00337e-05
849.980 1.06927e-05
850.040 1.13320e-05
850.100 1.13828e-05
850.160 1.14442e-05
850.220 1.04784e-05
850.280 9.90084e-06
850.340 9.53948e-06
850.400 8.50108e-06
850.460 7.29150e-06
850.520 8.96581e-06
850.580 9.74376e-06
850.640 1.03778e-05
850.700 9.93650e-06
850.760 1.00191e-05
850.820 9.88435e-06
850.880 8.13048e-06
850.940 9.30589e-06
851.000 1.05267e-05
851.060 1.08825e-05
851.120 1.07899e-05
851.180 1.15674e-05
851.240 1.08559e-05
851.300 1.08318e-05
851.360 1.05041e-05
851.420 8.90662e-06
851.480 9.88590e-06
851.540 1.17228e-05
851.600 1.10692e-05
851.660 9.95065e-06
851.720 1.09337e-05
851.780 1.33557e-05
851.840 1.22399e-05
851.900 1.13075e-05
851.960 1.13014e-05
852.020 7.12921e-06
852.080 8.78885e-06
852.140 1.21102e-05
852.200 9.75404e-06
852.260 1.08958e-05
852.320 1.06263e-05
852.380 9.15026e-06
852.440 1.03943e-05
852.500 9.50354e-06
852.560 7.88900e-06
852.620 7.49374e-06
852.680 1.03553e-05
852.740 1.09604e-05
852.800 1.01120e-05
852.860 1.03321e-05
852.920 1.09106e-05
852.980 1.13890e-05
853.040 1.09377e-05
853.100 1.04708e-05
853.160 1.09908e-05
853.220 1.18434e-05
853.280 1.13886e-05
853.340 9.79450e-06
853.400 9.58890e-06
853.460 1.10704e-05
853.520 1.05666e-05
853.580 1.03214e-05
853.640 1.01413e-05
853.700 1.16088e-05
853.760 1.20652e-05
853.820 1.06844e-05
853.880 1.04966e-05
853.940 1.00558e-05
854.000 1.09977e-05
854.060 1.16044e-05
854.120 1.20700e-05
854.180 1.11059e-05
854.240 9.12475e-06
854.300 1.09477e-05
854.360 1.23149e-05
854.420 1.05792e-05
854.480 1.05462e-05
854.540 1.13488e-05
854.600 1.06825e-05
854.660 1.04328e-05
854.720 1.01239e-05
854.780 1.07977e-05
854.840 1.10504e-05
854.900 1.08288e-05
854.960 1.19793e-05
855.020 1.10568e-05
855.080 9.73886e-06
855.140 1.06245e-05
855.200 1.14742e-05
855.260 1.17381e-05
855.320 1.13212e-05
855.380 1.01656e-05
855.440 1.13581e-05
855.500 1.02027e-05
855.560 1.13219e-05
855.620 1.27849e-05
855.680 1.06670e-05
855.740 1.02939e-05
855.800 1.10323e-05
855.860 1.14796e-05
855.920 9.75408e-06
855.980 9.80120e-06
856.040 1.03404e-05
856.100 1.32557e-05
856.160 1.12222e-05
856.220 1.11543e-05
856.280 1.16315e-05
856.340 9.10525e-06
856.400 1.11581e-05
856.460 1.18989e-05
856.520 9.96012e-06
856.580 9.86984e-06
856.640 1.12388e-05
856.700 9.79911e-06
856.760 1.13298e-05
856.820 1.13286e-05
856.880 1.10332e-05
856.940 1.03459e-05
857.000 1.17394e-05
857.060 1.18522e-05
857.120 1.14447e-05
857.180 1.17778e-05
857.240 1.20180e-05
857.300 1.12304e-05
857.360 1.16703e-05
857.420 1.17356e-05
857.480 9.58625e-06
857.540 1.14048e-05
857.600 1.10153e-05
857.660 1.21076e-05
857.720 1.12742e-05
857.780 1.10750e-05
857.840 1.15401e-05
857.900 1.22263e-05
857.960 1.13343e-05
858.020 1.10754e-05
858.080 1.10952e-05
858.140 1.09531e-05
858.200 1.20904e-05
858.260 1.00479e-05
858.320 1.08423e-05
858.380 1.27334e-05
858.440 1.11062e-05
858.500 1.14630e-05
858.560 1.12770e-05
858.620 1.10741e-05
858.680 1.16995e-05
858.740 1.04170e-05
858.800 1.21092e-05
858.860 1.11838e-05
858.920 1.06799e-05
858.980 1.01480e-05
859.040 1.14155e-05
859.100 1.05968e-05
859.160 1.02294e-05
859.220 1.20557e-05
859.280 1.05273e-05
859.340 1.03768e-05
859.400 1.16534e-05
859.460 1.25090e-05
859.520 1.07897e-05
859.580 1.08157e-05
859.640 1.13102e-05
859.700 1.01048e-05
859.760 9.87495e-06
859.820 1.05885e-05
859.880 1.02510e-05
859.940 1.02931e-05
860.000 1.14316e-05
860.060 1.06316e-05
860.120 9.59270e-06
860.180 1.20036e-05
860.240 1.16119e-05
860.300 1.06491e-05
860.360 1.19121e-05
860.420 1.15565e-05
860.480 1.21444e-05
860.540 1.06046e-05
860.600 1.08696e-05
860.660 1.20896e-05
860.720 1.03051e-05
860.780 1.19463e-05
860.840 1.09731e-05
860.900 1.11048e-05
860.960 1.07664e-05
861.020 9.85101e-06
861.080 1.14511e-05
861.140 1.05834e-05
861.200 1.01370e-05
861.260 1.11593e-05
861.320 1.06060e-05
861.380 1.04257e-05
861.440 1.12872e-05
861.500 9.24028e-06
861.560 1.15045e-05
861.620 1.13221e-05
861.680 1.07614e-05
861.740 1.05991e-05
861.800 1.06026e-05
861.860 1.15264e-05
861.920 1.07993e-05
861.980 1.10206e-05
862.040 1.19947e-05
862.100 1.12515e-05
862.160 1.02827e-05
862.220 1.13599e-05
862.280 1.01033e-05
862.340 1.16723e-05
862.400 1.10621e-05
862.460 9.80788e-06
862.520 1.00317e-05
862.580 1.02181e-05
862.640 1.04517e-05
862.700 1.15863e-05
862.760 1.10528e-05
862.820 1.01170e-05
862.880 9.81570e-06
862.940 9.63201e-06
863.000 1.21135e-05
863.060 1.08953e-05
863.120 1.01042e-05
863.180 1.13178e-05
863.240 1.14568e-05
863.300 1.08442e-05
863.360 1.06069e-05
863.420 9.54294e-06
863.480 1.03469e-05
863.540 1.00635e-05
863.600 1.04980e-05
863.660 1.00285e-05
863.720 9.64822e-06
863.780 1.25415e-05
863.840 1.03794e-05
863.900 1.07016e-05
863.960 1.00051e-05
864.020 1.02018e-05
864.080 1.25775e-05
864.140 1.14256e-05
864.200 1.10772e-05
864.260 1.05180e-05
864.320 9.38884e-06
864.380 1.05611e-05
864.440 1.11976e-05
864.500 9.79767e-06
864.560 1.07801e-05
864.620 1.09408e-05
864.680 1.04573e-05
864.740 1.10748e-05
864.800 1.06172e-05
864.860 1.09632e-05
864.920 1.22724e-05
864.980 1.03444e-05
865.040 1.10676e-05
865.100 1.08797e-05
865.160 9.93380e-06
865.220 1.04343e-05
865.280 8.84413e-06
865.340 1.10182e-05
865.400 1.09352e-05
865.460 1.05764e-05
865.520 1.03308e-05
865.580 1.05326e-05
865.640 1.17833e-05
865.700 1.01968e-05
865.760 1.00300e-05
865.820 1.05772e-05
865.880 1.10654e-05
865.940 1.12291e-05
866.000 1.10440e-05
866.060 1.10616e-05
866.120 1.15373e-05
866.180 1.09177e-05
866.240 1.04086e-05
866.300 1.01152e-05
866.360 8.24037e-06
866.420 1.08120e-05
866.480 1.16221e-05
866.540 1.03508e-05
866.600 1.22500e-05
866.660 1.06759e-05
866.720 9.92867e-06
866.780 9.73813e-06
866.840 1.24676e-05
866.900 1.29039e-05
866.960 1.07769e-05
867.020 1.12427e-05
867.080 1.10677e-05
867.140 1.22630e-05
867.200 1.08727e-05
867.260 1.09750e-05
867.320 1.02542e-05
867.380 1.05525e-05
867.440 1.06017e-05
867.500 1.05809e-05
867.560 1.13845e-05
867.620 1.12029e-05
867.680 1.13036e-05
867.740 1.03286e-05
867.800 1.23891e-05
867.860 1.04355e-05
867.920 9.66916e-06
867.980 1.09340e-05
868.040 1.05181e-05
868.100 1.20845e-05
868.160 1.12410e-05
868.220 1.09596e-05
868.280 1.10138e-05
868.340 1.03484e-05
868.400 1.05956e-05
868.460 1.01517e-05
868.520 1.02034e-05
868.580 9.80068e-06
868.640 9.34152e-06
868.700 1.00638e-05
868.760 1.12734e-05
868.820 1.02536e-05
868.880 9.32887e-06
868.940 9.92240e-06
869.000 9.85724e-06
869.060 1.07447e-05
869.120 1.01252e-05
869.180 8.61772e-06
869.240 9.71557e-06
869.300 9.24480e-06
869.360 8.97742e-06
869.420 9.09592e-06
869.480 8.63428e-06
869.540 1.07935e-05
869.600 1.06977e-05
869.660 9.30440e-06
869.720 1.14595e-05
869.780 9.85403e-06
869.840 9.97392e-06
869.900 1.18998e-05
869.960 8.98895e-06
870.020 1.14788e-05
870.080 1.16926e-05
870.140 1.18273e-05
870.200 1.00169e-05
870.260 1.08310e-05
870.320 1.10387e-05
870.380 9.34454e-06
870.440 1.13968e-05
870.500 9.03552e-06
870.560 1.00534e-05
870.620 1.05821e-05
870.680 1.05607e-05
870.740 1.06595e-05
870.800 1.08791e-05
870.860 1.02812e-05
870.920 1.20725e-05
870.980 1.07844e-05
871.040 9.59950e-06
871.100 1.06620e-05
871.160 1.12124e-05
871.220 1.06308e-05
871.280 8.89093e-06
871.340 1.01218e-05
871.400 1.05960e-05
871.460 1.09449e-05
871.520 1.09952e-05
871.580 1.04861e-05
871.640 1.07496e-05
871.700 1.19600e-05
871.760 9.98601e-06
871.820 1.12877e-05
871.880 8.97700e-06
871.940 1.08978e-05
872.000 1.17817e-05
872.060 9.69610e-06
872.120 1.20639e-05
872.180 1.17718e-05
872.240 1.21234e-05
872.300 1.05331e-05
872.360 1.03694e-05
872.420 9.06772e-06
872.480 9.88714e-06
872.540 9.83620e-06
872.600 1.04882e-05
872.660 1.07138e-05
872.720 1.13522e-05
872.780 1.18004e-05
872.840 9.96158e-06
872.900 1.17746e-05
872.960 1.16574e-05
873.020 1.06570e-05
873.080 1.24993e-05
873.140 1.05062e-05
873.200 1.11000e-05
873.260 1.29246e-05
873.320 1.01313e-05
873.380 1.23611e-05
873.440 1.08193e-05
873.500 1.11153e-05
873.560 1.08829e-05
873.620 1.12176e-05
873.680 1.14695e-05
873.740 9.95898e-06
873.800 1.14869e-05
873.860 1.08117e-05
873.920 1.15820e-05
873.980 1.04214e-05
874.040 1.06467e-05
874.100 1.07644e-05
874.160 9.72050e-06
874.220 1.05770e-05
874.280 1.05326e-05
874.340 9.07390e-06
874.400 1.04117e-05
874.460 9.98218e-06
874.520 1.02755e-05
874.580 1.10511e-05
874.640 1.06978e-05
874.700 1.17918e-05
874.760 1.12490e-05
874.820 1.15634e-05
874.880 9.79964e-06
874.940 8.53929e-06
875.000 1.10889e-05
875.060 1.02964e-05
875.120 7.92909e-06
875.180 1.01409e-05
875.240 1.08065e-05
875.300 1.05524e-05
875.360 1.03894e-05
875.420 1.03760e-05
875.480 1.07014e-05
875.540 9.66692e-06
875.600 9.41320e-06
875.660 1.00528e-05
875.720 9.61664e-06
875.780 9.68801e-06
875.840 1.02579e-05
875.900 1.10198e-05
875.960 1.19532e-05
876.020 1.07210e-05
876.080 9.27524e-06
876.140 1.09499e-05
876.200 1.05591e-05
876.260 9.63884e-06
876.320 1.01009e-05
876.380 1.02571e-05
876.440 1.09372e-05
876.500 8.10278e-06
876.560 1.06304e-05
876.620 1.15947e-05
876.680 1.03336e-05
876.740 1.09146e-05
876.800 1.02838e-05
876.860 1.01034e-05
876.920 1.02517e-05
876.980 1.08483e-05
877.040 9.87442e-06
877.100 1.05582e-05
877.160 1.07617e-05
877.220 1.02820e-05
877.280 9.94340e-06
877.340 8.70401e-06
877.400 9.53556e-06
877.460 1.08107e-05
877.520 1.01554e-05
877.580 1.08357e-05
877.640 1.04486e-05
877.700 1.08727e-05
877.760 1.15233e-05
877.820 1.20135e-05
877.880 1.14041e-05
877.940 1.03361e-05
878.000 9.99009e-06
878.060 1.04329e-05
878.120 1.11781e-05
878.180 9.73735e-06
878.240 1.18245e-05
878.300 1.15352e-05
878.360 1.04447e-05
878.420 9.97111e-06
878.480 8.76321e-06
878.540 1.03728e-05
878.600 1.08520e-05
878.660 1.20344e-05
878.720 1.11344e-05
878.780 9.26599e-06
878.840 1.05135e-05
878.900 1.11409e-05
878.960 1.07759e-05
879.020 8.67221e-06
879.080 1.03038e-05
879.140 1.14306e-05
879.200 9.86275e-06
879.260 1.21583e-05
879.320 1.16829e-05
879.380 9.22106e-06
879.440 1.05497e-05
879.500 1.12855e-05
879.560 1.02576e-05
879.620 1.17775e-05
879.680 1.07986e-05
879.740 1.17691e-05
879.800 1.03307e-05
879.860 1.05785e-05
879.920 1.28470e-05
879.980 9.08174e-06
880.040 1.10778e-05
880.100 1.07465e-05
880.160 1.08544e-05
880.220 9.77205e-06
880.280 9.28612e-06
880.340 1.10238e-05
880.400 1.15620e-05
880.460 1.11572e-05
880.520 8.07935e-06
880.580 9.43306e-06
880.640 1.05492e-05
880.700 1.06443e-05
880.760 1.04999e-05
880.820 1.11583e-05
880.880 1.14511e-05
880.940 1.19746e-05
881.000 1.02326e-05
881.060 9.07419e-06
881.120 9.12980e-06
881.180 1.04211e-05
881.240 1.07698e-05
881.300 9.70041e-06
881.360 1.13932e-05
881.420 1.07931e-05
881.480 1.01119e-05
881.540 1.05284e-05
881.600 1.19681e-05
881.660 8.96777e-06
881.720 8.72817e-06
881.780 1.01325e-05
881.840 8.94855e-06
881.900 1.07870e-05
881.960 9.52856e-06
882.020 9.20586e-06
882.080 1.08652e-05
882.140 1.04875e-05
882.200 9.66014e-06
882.260 9.25303e-06
882.320 9.01394e-06
882.380 1.01721e-05
882.440 1.07420e-05
882.500 1.00072e-05
882.560 1.13645e-05
882.620 9.24879e-06
882.680 9.04220e-06
882.740 1.07432e-05
882.800 1.04229e-05
882.860 1.11151e-05
882.920 9.87499e-06
882.980 1.00953e-05
883.040 1.11904e-05
883.100 1.08399e-05
883.160 1.06048e-05
883.220 1.09309e-05
883.280 1.09553e-05
883.340 1.26230e-05
883.400 1.03929e-05
883.460 9.35926e-06
883.520 1.13032e-05
883.580 1.00900e-05
883.640 1.02989e-05
883.700 9.60657e-06
883.760 1.08086e-05
883.820 1.08075e-05
883.880 8.80804e-06
883.940 9.72704e-06
884.000 1.03770e-05
884.060 1.05031e-05
884.120 1.03347e-05
884.180 1.01571e-05
884.240 1.00117e-05
884.300 9.53592e-06
884.360 1.08551e-05
884.420 1.20892e-05
884.480 1.06789e-05
884.540 9.93228e-06
884.600 1.00581e-05
884.660 1.08921e-05
884.720 1.02582e-05
884.780 9.84659e-06
884.840 1.06537e-05
884.900 1.14150e-05
884.960 1.17519e-05
885.020 9.62395e-06
885.080 1.03321e-05
885.140 8.51770e-06
885.200 8.83552e-06
885.260 8.67608e-06
885.320 7.99362e-06
885.380 1.09037e-05
885.440 9.19670e-06
885.500 1.10540e-05
885.560 1.09070e-05
885.620 1.06303e-05
885.680 1.01338e-05
885.740 9.52232e-06
885.800 1.08595e-05
885.860 9.35668e-06
885.920 1.01662e-05
885.980 9.21707e-06
886.040 1.13359e-05
886.100 1.20450e-05
886.160 9.54865e-06
886.220 1.04668e-05
886.280 9.15945e-06
886.340 9.87985e-06
886.400 1.04273e-05
886.460 9.85129e-06
886.520 1.12584e-05
886.580 9.97072e-06
886.640 8.72336e-06
886.700 9.83105e-06
886.760 1.10867e-05
886.820 1.16311e-05
886.880 1.07110e-05
886.940 1.13101e-05
887.000 1.15173e-05
887.060 9.21174e-06
887.120 1.01297e-05
887.180 1.08447e-05
887.240 8.89956e-06
887.300 1.02906e-05
887.360 1.10774e-05
887.420 1.05005e-05
887.480 9.73775e-06
887.540 8.99432e-06
887.600 1.08187e-05
887.660 1.10659e-05
887.720 1.05084e-05
887.780 1.07781e-05
887.840 1.16192e-05
887.900 1.03122e-05
887.960 1.03594e-05
888.020 1.12600e-05
888.080 9.68376e-06
888.140 9.15649e-06
888.200 9.83550e-06
888.260 9.17291e-06
888.320 1.03979e-05
888.380 1.23108e-05
888.440 1.06186e-05
888.500 1.03650e-05
888.560 9.72244e-06
888.620 1.06747e-05
888.680 1.03084e-05
888.740 1.14730e-05
888.800 1.11425e-05
888.860 9.80859e-06
888.920 1.14442e-05
888.980 1.11424e-05
889.040 1.13392e-05
889.100 1.04695e-05
889.160 1.14311e-05
889.220 9.48377e-06
889.280 1.07108e-05
889.340 1.05627e-05
889.400 1.04544e-05
889.460 1.11933e-05
889.520 1.06631e-05
889.580 1.17913e-05
889.640 9.81270e-06
889.700 1.07774e-05
889.760 1.05541e-05
889.820 1.12789e-05
889.880 1.01798e-05
889.940 1.07391e-05
890.000 1.07023e-05
890.060 9.48866e-06
890.120 1.03992e-05
890.180 1.00060e-05
890.240 1.02418e-05
890.300 1.14615e-05
890.360 1.08549e-05
890.420 1.05283e-05
890.480 1.11732e-05
890.540 1.08138e-05
890.600 1.04811e-05
890.660 9.62729e-06
890.720 1.14345e-05
890.780 9.74722e-06
890.840 9.71244e-06
890.900 1.08636e-05
890.960 1.02728e-05
891.020 1.02637e-05
891.080 1.01902e-05
891.140 1.19485e-05
891.200 1.22646e-05
891.260 9.29124e-06
891.320 1.00532e-05
891.380 1.10429e-05
891.440 1.05877e-05
891.500 1.09515e-05
891.560 9.93161e-06
891.620 1.04746e-05
891.680 1.17733e-05
891.740 9.80625e-06
891.800 9.57715e-06
891.860 1.06667e-05
891.920 1.02433e-05
891.980 1.14753e-05
892.040 1.03676e-05
892.100 1.07334e-05
892.160 1.06062e-05
892.220 9.86644e-06
892.280 8.91856e-06
892.340 1.02608e-05
892.400 1.01590e-05
892.460 1.09585e-05
892.520 1.15774e-05
892.580 1.09804e-05
892.640 1.07094e-05
892.700 9.52482e-06
892.760 9.73054e-06
892.820 1.00692e-05
892.880 1.18896e-05
892.940 1.11906e-05
893.000 1.01906e-05
893.060 1.06659e-05
893.120 1.04021e-05
893.180 9.93487e-06
893.240 1.16463e-05
893.300 1.07015e-05
893.360 1.05275e-05
893.420 1.09369e-05
893.480 1.09943e-05
893.540 1.02135e-05
893.600 1.04305e-05
893.660 1.06056e-05
893.720 1.08119e-05
893.780 1.02698e-05
893.840 1.08262e-05
893.900 1.16517e-05
893.960 1.00386e-05
894.020 1.05834e-05
894.080 1.14609e-05
894.140 1.08268e-05
894.200 9.62282e-06
894.260 1.01089e-05
894.320 1.04642e-05
894.380 1.11506e-05
894.440 8.97129e-06
894.500 9.59773e-06
894.560 1.04290e-05
894.620 1.14607e-05
894.680 1.01321e-05
894.740 9.21101e-06
894.800 9.23615e-06
894.860 9.48737e-06
894.920 1.12449e-05
894.980 9.68775e-06
895.040 9.32497e-06
895.100 1.05300e-05
895.160 1.03899e-05
895.220 9.43756e-06
895.280 9.60046e-06
895.340 1.02248e-05
895.400 1.06694e-05
895.460 1.01529e-05
895.520 1.01729e-05
895.580 9.69031e-06
895.640 1.08008e-05
895.700 1.00689e-05
895.760 1.16060e-05
895.820 1.00776e-05
895.880 9.87605e-06
895.940 9.77095e-06
896.000 1.06651e-05
896.060 1.04684e-05
896.120 8.83300e-06
896.180 1.12082e-05
896.240 9.30854e-06
896.300 1.03779e-05
896.360 1.00178e-05
896.420 1.05185e-05
896.480 1.00178e-05
896.540 1.11245e-05
896.600 1.00241e-05
896.660 9.63838e-06
896.720 1.05738e-05
896.780 1.00574e-05
896.840 1.14914e-05
896.900 1.06324e-05
896.960 1.07526e-05
897.020 1.04230e-05
897.080 8.90254e-06
897.140 9.76438e-06
897.200 1.07851e-05
897.260 9.21260e-06
897.320 1.05251e-05
897.380 1.07091e-05
897.440 1.12284e-05
897.500 9.57801e-06
897.560 9.11315e-06
897.620 9.97687e-06
897.680 1.00589e-05
897.740 1.17344e-05
897.800 9.00251e-06
897.860 1.02672e-05
897.920 1.04525e-05
897.980 1.04417e-05
898.040 1.09572e-05
898.100 8.70873e-06
898.160 1.14157e-05
898.220 1.04448e-05
898.280 9.54423e-06
898.340 9.70584e-06
898.400 1.06870e-05
898.460 1.07367e-05
898.520 1.03861e-05
898.580 1.04076e-05
898.640 9.59727e-06
898.700 1.10301e-05
898.760 1.05000e-05
898.820 1.09009e-05
898.880 1.05630e-05
898.940 1.13170e-05
899.000 1.00368e-05
899.060 1.01463e-05
899.120 1.05182e-05
899.180 8.83470e-06
899.240 8.78013e-06
899.300 1.03144e-05
899.360 1.05154e-05
899.420 9.95331e-06
899.480 1.11239e-05
899.540 1.09442e-05
899.600 1.00086e-05
899.660 1.00174e-05
899.720 9.74306e-06
899.780 8.54671e-06
899.840 9.51874e-06
899.900 9.12790e-06
899.960 1.07435e-05
900.020 9.51754e-06
900.080 1.04750e-05
900.140 1.10046e-05
900.200 9.52111e-06
900.260 1.07198e-05
900.320 9.22874e-06
900.380 1.00830e-05
900.440 9.13999e-06
900.500 9.54978e-06
900.560 1.06391e-05
900.620 1.00100e-05
900.680 1.00146e-05
900.740 1.24659e-05
900.800 1.11289e-05
900.860 9.58926e-06
900.920 1.18956e-05
900.980 9.46507e-06
901.040 1.02155e-05
901.100 9.80773e-06
901.160 9.88128e-06
901.220 1.00475e-05
901.280 9.21044e-06
901.340 1.05636e-05
901.400 9.62142e-06
901.460 1.16612e-05
901.520 1.05410e-05
901.580 9.31548e-06
901.640 9.90435e-06
901.700 9.96636e-06
901.760 9.72369e-06
901.820 1.05060e-05
901.880 1.16359e-05
901.940 9.65914e-06
902.000 1.02903e-05
902.060 1.01812e-05
902.120 9.80052e-06
902.180 1.19758e-05
902.240 1.13682e-05
902.300 9.54443e-06
902.360 1.02806e-05
902.420 1.00850e-05
902.480 1.01020e-05
902.540 1.11995e-05
902.600 9.83483e-06
902.660 9.68392e-06
902.720 1.11397e-05
902.780 1.01763e-05
902.840 9.53404e-06
902.900 8.95802e-06
902.960 1.13486e-05
903.020 1.02684e-05
903.080 8.85310e-06
903.140 1.12910e-05
903.200 1.03900e-05
903.260 1.09518e-05
903.320 1.02456e-05
903.380 1.04661e-05
903.440 9.97527e-06
903.500 9.27074e-06
903.560 9.99706e-06
903.620 1.01010e-05
903.680 9.39341e-06
903.740 1.05432e-05
903.800 1.18691e-05
903.860 1.00201e-05
903.920 1.00954e-05
903.980 1.02120e-05
904.040 9.22384e-06
904.100 1.05583e-05
904.160 1.03457e-05
904.220 7.84223e-06
904.280 9.01824e-06
904.340 1.01812e-05
904.400 9.75981e-06
904.460 9.05719e-06
904.520 1.08252e-05
904.580 1.01183e-05
904.640 8.60938e-06
904.700 1.06703e-05
904.760 1.06315e-05
904.820 9.07283e-06
904.880 1.01480e-05
904.940 1.00130e-05
905.000 1.03955e-05
905.060 1.06295e-05
905.120 9.25574e-06
905.180 1.04882e-05
905.240 9.85647e-06
905.300 1.00254e-05
905.360 9.48761e-06
905.420 1.07096e-05
905.480 1.01537e-05
905.540 9.63456e-06
905.600 1.04536e-05
905.660 1.08397e-05
905.720 1.01232e-05
905.780 1.00258e-05
905.840 1.11120e-05
905.900 8.81639e-06
905.960 1.06423e-05
906.020 1.05563e-05
906.080 9.81539e-06
906.140 1.03947e-05
906.200 1.01714e-05
906.260 9.91939e-06
906.320 1.06529e-05
906.380 1.00405e-05
906.440 9.79112e-06
906.500 1.08228e-05
906.560 9.20722e-06
906.620 9.23205e-06
906.680 9.25669e-06
906.740 9.16548e-06
906.800 9.84900e-06
906.860 1.03372e-05
906.920 8.15052e-06
906.980 8.61135e-06
907.040 9.36518e-06
907.100 8.76991e-06
907.160 1.03624e-05
907.220 9.77163e-06
907.280 1.04802e-05
907.340 9.83918e-06
907.400 9.87619e-06
907.460 9.98863e-06
907.520 9.32063e-06
907.580 8.65664e-06
907.640 8.94383e-06
907.700 1.06427e-05
907.760 1.03087e-05
907.820 1.09692e-05
907.880 9.18381e-06
907.940 9.32697e-06
908.000 9.60948e-06
908.060 9.23723e-06
908.120 1.05758e-05
908.180 9.54277e-06
908.240 9.10910e-06
908.300 9.88794e-06
908.360 9.45012e-06
908.420 8.10727e-06
908.480 9.17001e-06
908.540 9.67681e-06
908.600 8.32838e-06
908.660 9.54474e-06
908.720 9.74303e-06
908.780 9.12902e-06
908.840 1.04680e-05
908.900 1.03349e-05
908.960 9.65147e-06
909.020 1.03176e-05
909.080 1.00910e-05
909.140 1.02841e-05
909.200 9.68131e-06
909.260 8.11667e-06
909.320 9.44432e-06
909.380 8.43238e-06
909.440 9.92825e-06
909.500 1.04872e-05
909.560 9.76625e-06
909.620 9.86743e-06
909.680 1.02448e-05
909.740 1.25845e-05
909.800 1.06057e-05
909.860 1.10227e-05
909.920 9.52265e-06
909.980 9.43937e-06
910.040 1.12169e-05
910.100 1.04725e-05
910.160 1.10385e-05
910.220 8.86474e-06
910.280 1.01266e-05
910.340 1.02068e-05
910.400 9.00988e-06
910.460 1.10739e-05
910.520 9.33841e-06
910.580 9.72695e-06
910.640 1.12836e-05
910.700 1.00633e-05
910.760 1.06616e-05
910.820 1.06412e-05
910.880 8.99864e-06
910.940 1.06645e-05
911.000 1.14785e-05
911.060 8.93932e-06
911.120 9.99950e-06
911.180 1.10058e-05
911.240 1.02064e-05
911.300 1.02491e-05
911.360 9.57105e-06
911.420 1.01372e-05
911.480 1.03065e-05
911.540 9.81309e-06
911.600 9.05923e-06
911.660 9.15954e-06
911.720 1.09947e-05
911.780 1.00269e-05
911.840 8.55206e-06
911.900 9.60809e-06
911.960 9.95033e-06
912.020 7.93419e-06
912.080 9.36575e-06
912.140 9.31742e-06
912.200 9.46051e-06
912.260 1.10300e-05
912.320 9.30856e-06
912.380 9.53829e-06
912.440 1.02894e-05
912.500 9.43214e-06
912.560 9.31777e-06
912.620 1.05882e-05
912.680 8.98301e-06
912.740 8.91836e-06
912.800 8.50228e-06
912.860 9.45710e-06
912.920 8.73866e-06
912.980 9.26972e-06
913.040 1.09443e-05
913.100 9.86057e-06
913.160 1.05610e-05
913.220 9.21399e-06
913.280 9.51674e-06
913.340 9.97664e-06
913.400 1.07409e-05
913.460 9.79279e-06
913.520 1.00773e-05
913.580 1.00001e-05
913.640 9.50368e-06
913.700 1.06016e-05
913.760 1.07366e-05
913.820 8.41306e-06
913.880 9.46288e-06
913.940 1.02233e-05
914.000 8.63856e-06
914.060 1.05495e-05
914.120 1.16936e-05
914.180 1.17245e-05
914.240 1.09276e-05
914.300 1.01408e-05
914.360 1.08508e-05
914.420 1.06073e-05
914.480 8.10116e-06
914.540 9.82228e-06
914.600 8.84752e-06
914.660 9.71279e-06
914.720 1.01554e-05
914.780 9.88982e-06
914.840 9.42493e-06
914.900 9.15792e-06
914.960 1.05493e-05
915.020 9.47573e-06
915.080 9.76234e-06
915.140 1.02496e-05
915.200 1.07849e-05
915.260 9.18385e-06
915.320 1.02641e-05
915.380 8.95266e-06
915.440 1.01091e-05
915.500 1.19133e-05
915.560 1.01333e-05
915.620 9.82000e-06
915.680 9.29929e-06
915.740 1.00705e-05
915.800 8.61751e-06
915.860 8.83594e-06
915.920 9.78168e-06
915.980 9.60562e-06
916.040 1.00505e-05
916.100 9.75468e-06
916.160 1.00211e-05
916.220 8.62578e-06
916.280 1.04343e-05
916.340 9.31053e-06
916.400 6.57402e-06
916.460 9.69166e-06
916.520 8.08730e-06
916.580 8.43823e-06
916.640 1.02243e-05
916.700 8.45236e-06
916.760 9.08163e-06
916.820 9.93064e-06
916.880 9.71671e-06
916.940 9.79404e-06
917.000 1.02141e-05
